#Timestamps             Stensparken     Pilestredet     Thereses gate   Bislett Stadion     Henrik Ibsens gate      Sørvest for Slottsparken    7. juni-plassen     Saga Kino
2022-10-19 10:36:26	 0		 0		 0		 0			 8			 2			 3			25
2022-10-19 10:41:24	 0		 0		 0		 0			 8			 2			 3			25
2022-10-19 10:46:21	 0		 0		 0		 0			 8			 2			 3			25
2022-10-19 10:51:34	 0		 0		 0		 0			 8			 2			 3			24
2022-10-19 10:56:33	 0		 0		 0		 0			 8			 2			 4			24
2022-10-19 11:01:40	 0		 0		 0		 0			 8			 2			 4			23
2022-10-19 11:06:21	 0		 0		 0		 0			 8			 2			 4			22
2022-10-19 11:11:25	 0		 0		 0		 0			 8			 2			 4			22
2022-10-19 11:16:29	 0		 0		 0		 0			 8			 2			 4			22
2022-10-19 11:21:32	 0		 0		 0		 0			 7			 2			 3			22
2022-10-19 11:26:41	 0		 0		 0		 0			 7			 2			 3			22
2022-10-19 11:31:38	 0		 0		 0		 0			 8			 2			 3			22
2022-10-19 11:36:36	 0		 0		 0		 0			 8			 2			 3			22
2022-10-19 11:41:42	 0		 0		 0		 0			 8			 3			 3			23
2022-10-19 11:46:43	 0		 0		 0		 0			 8			 3			 3			23
2022-10-19 11:51:42	 0		 0		 0		 0			 8			 3			 3			23
2022-10-19 11:56:44	 0		 0		 0		 0			 8			 4			 3			23
2022-10-19 12:01:43	 0		 0		 0		 0			 8			 4			 3			22
2022-10-19 12:06:42	 0		 0		 0		 0			 8			 4			 3			21
2022-10-19 12:11:30	 0		 0		 0		 1			 8			 4			 3			23
2022-10-19 12:16:37	 1		 0		 0		 1			 8			 4			 3			23
2022-10-19 12:21:28	 1		 0		 0		 1			 9			 4			 3			23
2022-10-19 12:26:37	 1		 0		 0		 1			 9			 3			 3			24
2022-10-19 12:31:45	 1		 0		 0		 1			 9			 3			 4			24
2022-10-19 12:36:48	 0		 0		 0		 1			 8			 3			 4			23
2022-10-19 12:41:30	 0		 0		 0		 1			 8			 3			 4			23
2022-10-19 12:46:37	 0		 0		 0		 0			 8			 3			 4			24
2022-10-19 12:51:37	 0		 0		 0		 0			 8			 3			 4			24
2022-10-19 12:56:41	 0		 0		 0		 0			 6			 3			 4			24
2022-10-19 13:01:44	 0		 0		 0		 0			 6			 3			 4			25
2022-10-19 13:06:50	 0		 0		 0		 0			 6			 3			 4			25
2022-10-19 13:11:35	 1		 0		 0		 0			 6			 3			 4			25
2022-10-19 13:16:50	 1		 0		 0		 0			 5			 3			 4			25
2022-10-19 13:21:50	 1		 0		 0		 0			 5			 3			 4			25
2022-10-19 13:26:32	 1		 0		 0		 0			 5			 3			 4			25
2022-10-19 13:31:34	 1		 0		 0		 0			 5			 3			 4			25
2022-10-19 13:36:48	 1		 0		 0		 0			 5			 3			 4			25
2022-10-19 13:41:53	 2		 0		 0		10			 6			 3			 4			25
2022-10-19 13:46:33	 2		 0		 0		17			 6			 5			 4			23
2022-10-19 13:51:36	 2		 0		 0		17			 6			 5			 5			23
2022-10-19 13:56:43	 2		 0		 0		16			 6			 5			 4			23
2022-10-19 14:01:54	 2		 0		 0		16			 6			 4			 5			23
2022-10-19 14:06:35	 2		 0		 0		16			 6			 4			 5			23
2022-10-19 14:11:46	 2		 1		 0		17			 5			 4			 5			23
2022-10-19 14:16:36	 2		 0		 0		17			 5			 4			 5			22
2022-10-19 14:21:50	 3		 0		 0		17			 5			 4			 5			22
2022-10-19 14:26:40	 0		 1		 0		17			 5			 4			 5			22
2022-10-19 14:31:48	 0		 2		 0		17			 5			 4			 7			22
2022-10-19 14:36:56	 1		 2		 0		17			 5			 4			 7			23
2022-10-19 14:41:38	 1		 1		 0		17			 5			 4			 6			22
2022-10-19 14:46:46	 1		 1		 0		16			 5			 4			 6			22
2022-10-19 14:51:35	 1		 1		 0		16			 6			 4			 6			22
2022-10-19 14:56:44	 1		 1		 0		16			 6			 4			 6			21
2022-10-19 15:01:48	 1		 1		 0		16			 6			 4			 5			21
2022-10-19 15:06:58	 1		 1		 0		18			 6			 4			 5			21
2022-10-19 15:11:41	 2		 1		 0		19			 6			 4			 5			20
2022-10-19 15:16:54	 2		 1		 0		20			 7			 4			 5			20
2022-10-19 15:21:47	 2		 1		 0		20			 7			 4			 5			21
2022-10-19 15:26:50	 2		 1		 0		20			 7			 4			 5			20
2022-10-19 15:31:59	 1		 1		 0		20			 7			 4			 5			19
2022-10-19 15:36:47	 1		 1		 0		19			 7			 4			 5			19
2022-10-19 15:41:49	 0		 1		 0		18			 7			 4			 5			19
2022-10-19 15:46:54	 0		 1		 0		18			 6			 4			 4			19
2022-10-19 15:51:59	 1		 1		 0		19			 5			 4			 4			18
2022-10-19 15:56:44	 2		 2		 0		19			 5			 4			 4			18
2022-10-19 16:02:03	 2		 2		 0		19			 6			 4			 3			19
2022-10-19 16:06:50	 2		 2		 0		19			 5			 4			 3			19
2022-10-19 16:11:58	 2		 2		 0		19			 5			 3			 2			19
2022-10-19 16:16:52	 2		 2		 0		19			 5			 1			 2			16
2022-10-19 16:21:55	 1		 2		 0		19			 4			 1			 1			14
2022-10-19 16:26:59	 2		 2		 0		19			 4			 1			 4			14
2022-10-19 16:31:51	 2		 2		 0		20			 5			 1			 4			15
2022-10-19 16:37:02	 2		 2		 0		19			 4			 1			 4			17
2022-10-19 16:42:05	 2		 1		 0		19			 2			 1			 2			17
2022-10-19 16:46:54	 2		 1		 0		18			 2			 1			 2			17
2022-10-19 16:51:54	 3		 2		 0		18			 2			 1			 2			17
2022-10-19 16:57:06	 4		 3		 0		18			 4			 1			 2			17
2022-10-19 17:02:08	 2		 2		 0		19			 4			 1			 3			17
2022-10-19 17:06:51	 2		 2		 1		19			 4			 1			 3			18
2022-10-19 17:11:55	 0		 2		 1		20			 3			 0			 3			18
2022-10-19 17:16:50	 0		 2		 1		19			 3			 0			 1			18
2022-10-19 17:21:57	 0		 2		 1		19			 3			 0			 0			18
2022-10-19 17:26:51	 1		 2		 1		20			 3			 0			 0			17
2022-10-19 17:32:08	 1		 2		 1		20			 3			 0			 0			17
2022-10-19 17:36:51	 1		 0		 1		20			 3			 0			 0			18
2022-10-19 17:41:56	 3		 0		 1		21			 4			 0			 0			17
2022-10-19 17:46:59	 3		 0		 1		21			 4			 0			 0			17
2022-10-19 17:51:49	 3		 0		 1		21			 3			 0			 0			17
2022-10-19 17:56:58	 4		 0		 1		21			 3			 0			 0			16
2022-10-19 18:02:07	 4		 0		 2		21			 2			 0			 0			16
2022-10-19 18:06:53	 4		 0		 2		19			 2			 0			 2			16
2022-10-19 18:12:07	 4		 0		 2		19			 2			 0			 2			16
2022-10-19 18:16:57	 4		 0		 2		18			 2			 0			 2			16
2022-10-19 18:22:08	 3		 0		 2		18			 2			 0			 2			16
2022-10-19 18:27:01	 3		 0		 2		18			 2			 0			 2			15
2022-10-19 18:31:54	 3		 0		 2		17			 2			 0			 1			16
2022-10-19 18:36:59	 3		 0		 2		17			 2			 0			 2			16
2022-10-19 18:42:08	 4		 0		 2		17			 2			 0			 3			16
2022-10-19 18:47:09	 4		 0		 2		19			 2			 0			 4			16
2022-10-19 18:51:55	 4		 0		 2		18			 3			 0			 5			16
2022-10-19 18:57:07	 5		 0		 2		18			 5			 0			 5			15
2022-10-19 19:02:14	 5		 0		 2		17			 5			 0			 5			15
2022-10-19 19:07:00	 5		 0		 2		17			 7			 0			 5			16
2022-10-19 19:12:14	 5		 0		 2		16			 6			 0			 5			16
2022-10-19 19:16:59	 5		 0		 2		16			 6			 0			 6			15
2022-10-19 19:22:01	 5		 0		 2		16			 6			 0			 6			14
2022-10-19 19:27:15	 5		 0		 2		16			 6			 0			 6			16
2022-10-19 19:32:03	 5		 0		 2		16			 6			 0			 6			17
2022-10-19 19:37:13	 5		 0		 2		17			 5			 0			 5			17
2022-10-19 19:42:12	 4		 0		 2		17			 5			 0			 5			18
2022-10-19 19:47:12	 4		 0		 2		16			 5			 0			 6			18
2022-10-19 19:52:17	 4		 0		 2		15			 5			 0			 6			18
2022-10-19 19:57:20	 4		 0		 2		14			 5			 0			 6			18
2022-10-19 20:02:03	 4		 0		 2		14			 5			 0			 6			18
2022-10-19 20:07:05	 4		 0		 2		14			 7			 0			 6			18
2022-10-19 20:12:08	 4		 0		 2		14			 7			 0			 6			18
2022-10-19 20:17:18	 4		 0		 2		14			 7			 0			 6			18
2022-10-19 20:22:14	 4		 0		 2		15			 7			 0			 6			18
2022-10-19 20:27:20	 4		 0		 2		15			 7			 0			 6			18
2022-10-19 20:32:21	 4		 0		 2		16			 7			 0			 6			18
2022-10-19 20:37:21	 4		 0		 2		16			 7			 0			 6			18
2022-10-19 20:42:09	 4		 0		 2		16			 7			 0			 6			18
2022-10-19 20:47:11	 4		 0		 2		16			 7			 0			 6			18
2022-10-19 20:52:13	 4		 0		 2		17			 7			 0			 6			18
2022-10-19 20:57:11	 4		 0		 2		17			 8			 0			 6			18
2022-10-19 21:02:18	 4		 0		 2		16			 8			 0			 5			18
2022-10-19 21:07:20	 4		 0		 2		16			 9			 0			 5			17
2022-10-19 21:12:23	 4		 0		 2		16			10			 0			 4			17
2022-10-19 21:17:22	 4		 0		 2		15			10			 0			 3			19
2022-10-19 21:22:21	 3		 0		 2		13			10			 0			 3			19
2022-10-19 21:27:24	 3		 0		 2		13			10			 0			 3			19
2022-10-19 21:32:26	 3		 0		 2		13			10			 0			 3			18
2022-10-19 21:37:23	 3		 0		 2		12			10			 0			 3			18
2022-10-19 21:42:17	 3		 0		 2		12			10			 0			 3			17
2022-10-19 21:47:15	 3		 0		 2		13			10			 0			 3			17
2022-10-19 21:52:14	 3		 0		 2		12			10			 0			 3			17
2022-10-19 21:57:19	 2		 0		 2		12			10			 0			 2			17
2022-10-19 22:02:15	 2		 0		 2		10			11			 0			 2			16
2022-10-19 22:07:19	 3		 0		 2		10			12			 0			 2			16
2022-10-19 22:12:16	 3		 0		 2		10			12			 0			 2			15
2022-10-19 22:17:32	 4		 0		 2		10			12			 0			 2			15
2022-10-19 22:22:14	 4		 0		 2		11			12			 0			 2			14
2022-10-19 22:27:30	 5		 0		 2		11			12			 0			 2			14
2022-10-19 22:32:25	 3		 0		 2		11			12			 0			 2			14
2022-10-19 22:37:23	 3		 0		 2		11			12			 0			 3			14
2022-10-19 22:42:20	 3		 0		 2		11			12			 0			 3			14
2022-10-19 22:47:15	 3		 0		 2		11			12			 0			 3			14
2022-10-19 22:52:32	 3		 0		 2		10			12			 0			 3			14
2022-10-19 22:57:32	 3		 0		 2		10			11			 0			 3			13
2022-10-19 23:02:35	 3		 0		 2		10			11			 0			 3			13
2022-10-19 23:07:28	 3		 0		 2		10			11			 0			 3			13
2022-10-19 23:12:29	 3		 0		 2		10			11			 0			 3			13
2022-10-19 23:17:21	 3		 0		 2		10			11			 0			 3			13
2022-10-19 23:22:39	 3		 0		 2		10			11			 0			 3			13
2022-10-19 23:27:33	 3		 0		 2		10			11			 0			 2			13
2022-10-19 23:32:36	 3		 0		 2		10			11			 0			 1			13
2022-10-19 23:37:27	 4		 0		 2		10			11			 0			 1			11
2022-10-19 23:42:23	 4		 0		 2		10			11			 0			 0			11
2022-10-19 23:47:39	 4		 0		 2		10			11			 0			 0			11
2022-10-19 23:52:40	 3		 0		 2		10			11			 0			 0			11
2022-10-19 23:57:40	 3		 0		 2		10			10			 0			 0			11
2022-10-20 00:02:24	 3		 0		 2		10			 9			 0			 0			11
2022-10-20 00:07:21	 3		 0		 2		10			 9			 0			 0			10
2022-10-20 00:12:38	 3		 0		 2		10			 9			 0			 0			10
2022-10-20 00:17:30	 3		 0		 2		10			 9			 0			 1			 9
2022-10-20 00:22:26	 3		 0		 2		10			 9			 0			 1			 9
2022-10-20 00:27:41	 3		 0		 2		10			 9			 0			 1			 9
2022-10-20 00:32:37	 3		 0		 2		10			 9			 0			 1			 9
2022-10-20 00:37:32	 3		 0		 2		10			 9			 0			 1			 9
2022-10-20 00:42:45	 3		 0		 2		10			 9			 0			 1			 9
2022-10-20 00:47:31	 3		 0		 2		10			 9			 0			 1			 9
2022-10-20 00:52:39	 3		 0		 2		10			 9			 0			 1			 9
2022-10-20 00:57:27	 3		 0		 2		10			 8			 0			 1			 9
2022-10-20 01:02:37	 3		 0		 2		10			 8			 0			 1			 9
2022-10-20 01:07:45	 3		 0		 2		10			 8			 0			 1			 9
2022-10-20 01:12:33	 3		 0		 2		10			 8			 0			 1			 9
2022-10-20 01:17:40	 3		 0		 2		10			 8			 0			 1			 9
2022-10-20 01:22:29	 3		 0		 2		10			 8			 0			 1			 9
2022-10-20 01:27:39	 3		 0		 2		10			 8			 0			 1			 9
2022-10-20 01:32:29	 3		 0		 2		10			 8			 0			 1			 9
2022-10-20 01:37:38	 3		 0		 2		10			 8			 0			 1			 9
2022-10-20 01:42:44	 3		 0		 2		10			 8			 0			 1			 9
2022-10-20 01:47:47	 3		 0		 2		10			 8			 0			 1			 9
2022-10-20 01:52:35	 3		 0		 2		10			 8			 0			 1			 9
2022-10-20 01:57:41	 3		 0		 2		10			 8			 0			 1			 9
2022-10-20 02:02:31	 3		 0		 2		10			 8			 0			 1			 9
2022-10-20 02:07:37	 3		 0		 2		10			 8			 0			 1			 9
2022-10-20 02:12:42	 3		 0		 2		10			 8			 0			 1			 9
2022-10-20 02:17:49	 3		 0		 2		10			 8			 0			 1			 9
2022-10-20 02:22:36	 3		 0		 2		10			 8			 0			 1			 9
2022-10-20 02:27:42	 3		 0		 2		10			 8			 0			 1			 9
2022-10-20 02:32:49	 3		 0		 2		10			 8			 0			 1			 9
2022-10-20 02:37:33	 3		 0		 2		10			 8			 0			 1			 9
2022-10-20 02:42:39	 3		 0		 2		10			 8			 0			 1			 9
2022-10-20 02:47:45	 3		 0		 2		10			 8			 0			 1			 9
2022-10-20 02:52:52	 3		 0		 2		10			 8			 0			 1			 9
2022-10-20 02:57:39	 3		 0		 2		10			 8			 0			 1			 9
2022-10-20 03:02:54	 3		 0		 2		10			 8			 0			 1			 9
2022-10-20 03:07:39	 3		 0		 2		10			 8			 0			 1			 9
2022-10-20 03:12:44	 3		 0		 2		10			 8			 0			 1			 9
2022-10-20 03:17:50	 3		 0		 2		10			 8			 0			 1			 9
2022-10-20 03:22:38	 3		 0		 2		10			 8			 0			 1			 9
2022-10-20 03:27:44	 3		 0		 2		10			 8			 0			 1			 9
2022-10-20 03:32:53	 3		 0		 2		10			 8			 0			 1			 9
2022-10-20 03:37:56	 3		 0		 2		10			 8			 0			 1			 9
2022-10-20 03:42:41	 3		 0		 2		10			 8			 0			 1			 9
2022-10-20 03:47:47	 3		 0		 2		10			 8			 0			 1			 9
2022-10-20 03:52:52	 3		 0		 2		10			 8			 0			 1			 9
2022-10-20 03:57:43	 3		 0		 2		10			 8			 0			 1			 9
2022-10-20 04:02:53	 3		 0		 2		10			 8			 0			 1			 9
2022-10-20 04:07:40	 3		 0		 2		10			 8			 0			 1			 9
2022-10-20 04:12:48	 3		 0		 2		10			 8			 0			 1			 9
2022-10-20 04:17:55	 3		 0		 2		10			 8			 0			 1			 9
2022-10-20 04:22:42	 3		 0		 2		10			 8			 0			 1			 9
2022-10-20 04:27:47	 3		 0		 2		10			 8			 0			 1			 9
2022-10-20 04:32:56	 3		 0		 2		10			 8			 0			 1			 9
2022-10-20 04:37:45	 3		 0		 2		10			 8			 0			 1			 9
2022-10-20 04:42:54	 3		 0		 2		10			 8			 0			 1			 9
2022-10-20 04:48:00	 3		 0		 2		10			 8			 0			 1			 9
2022-10-20 04:52:47	 3		 0		 2		10			 8			 0			 1			 9
2022-10-20 04:57:55	 3		 0		 2		10			 8			 0			 1			 9
2022-10-20 05:02:55	 3		 0		 2		10			 8			 0			 1			 9
2022-10-20 05:08:02	 3		 0		 2		10			 8			 0			 1			 9
2022-10-20 05:12:48	 3		 0		 2		10			 8			 0			 1			 9
2022-10-20 05:17:55	 3		 0		 2		10			 8			 0			 1			 9
2022-10-20 05:23:03	 3		 0		 2		10			 8			 0			 1			 9
2022-10-20 05:27:50	 3		 0		 2		10			 8			 0			 1			 9
2022-10-20 05:33:01	 3		 0		 2		10			 8			 0			 1			 9
2022-10-20 05:37:48	 3		 0		 2		 9			 8			 0			 1			 9
2022-10-20 05:42:56	 3		 0		 2		 9			 8			 0			 2			 9
2022-10-20 05:48:03	 3		 0		 2		 9			 9			 0			 3			 9
2022-10-20 05:52:49	 3		 0		 2		 9			 9			 0			 3			 9
2022-10-20 05:57:58	 3		 0		 2		 9			 9			 0			 3			 9
2022-10-20 06:03:00	 3		 0		 2		 9			 9			 0			 3			 9
2022-10-20 06:07:54	 3		 0		 2		 9			 9			 0			 3			 9
2022-10-20 06:13:06	 3		 0		 2		 8			 9			 0			 4			 9
2022-10-20 06:18:07	 3		 0		 2		 8			10			 0			 4			 9
2022-10-20 06:23:03	 3		 0		 2		 8			10			 0			 4			 9
2022-10-20 06:28:00	 3		 0		 2		 8			10			 0			 5			 9
2022-10-20 06:32:58	 3		 0		 2		 8			10			 0			 6			 9
2022-10-20 06:38:00	 3		 0		 2		 8			10			 0			 6			 9
2022-10-20 06:43:06	 3		 0		 2		 8			10			 0			 7			 9
2022-10-20 06:48:06	 3		 0		 2		 8			10			 0			 7			 9
2022-10-20 06:52:49	 3		 0		 2		 8			11			 0			 7			 9
2022-10-20 06:57:54	 3		 0		 2		 8			11			 0			 7			 9
2022-10-20 07:02:57	 3		 0		 2		 6			10			 0			 8			 9
2022-10-20 07:08:02	 3		 0		 2		 4			 9			 0			 9			 9
2022-10-20 07:13:01	 3		 0		 2		 3			 9			 0			 9			 9
2022-10-20 07:18:09	 2		 0		 2		 3			10			 0			 9			 9
2022-10-20 07:22:59	 2		 0		 2		 3			10			 0			10			 9
2022-10-20 07:28:03	 2		 0		 2		 3			11			 0			10			 8
2022-10-20 07:33:04	 1		 0		 2		 1			12			 0			11			 8
2022-10-20 07:38:00	 0		 0		 2		 1			12			 0			11			 8
2022-10-20 07:43:06	 0		 0		 2		 0			12			 0			11			 7
2022-10-20 07:47:50	 0		 0		 2		 0			11			 0			11			 8
2022-10-20 07:53:12	 0		 0		 2		 0			10			 0			11			10
2022-10-20 07:57:56	 0		 0		 2		 1			10			 0			12			10
2022-10-20 08:03:14	 0		 0		 1		 1			 8			 0			13			12
2022-10-20 08:08:01	 1		 0		 1		 1			 8			 0			14			12
2022-10-20 08:13:05	 1		 0		 1		 1			 7			 0			16			11
2022-10-20 08:18:12	 0		 0		 1		 1			 5			 0			16			11
2022-10-20 08:23:08	 0		 0		 0		 0			 4			 0			15			10
2022-10-20 08:27:51	 0		 0		 0		 0			 4			 1			16			10
2022-10-20 08:32:56	 0		 0		 0		 1			 4			 1			17			10
2022-10-20 08:38:05	 0		 0		 0		 1			 2			 1			17			 9
2022-10-20 08:42:59	 0		 0		 0		 0			 1			 1			17			 8
2022-10-20 08:48:10	 0		 0		 0		 0			 1			 2			18			 9
2022-10-20 08:53:13	 0		 0		 0		 0			 0			 2			20			10
2022-10-20 08:58:14	 0		 1		 0		 0			 1			 2			20			 7
2022-10-20 09:03:07	 0		 1		 0		 1			 2			 3			20			 8
2022-10-20 09:08:04	 0		 1		 0		 1			 1			 3			19			 9
2022-10-20 09:13:04	 0		 1		 0		 1			 1			 3			18			 9
2022-10-20 09:17:59	 0		 1		 0		 0			 3			 3			17			 9
2022-10-20 09:23:09	 0		 1		 0		 0			 3			 3			17			 9
2022-10-20 09:28:00	 0		 1		 0		 0			 3			 3			17			 9
2022-10-20 09:33:20	 0		 0		 0		 0			 3			 3			17			 9
2022-10-20 09:38:06	 0		 0		 0		 0			 3			 3			17			 9
2022-10-20 09:43:08	 0		 0		 0		 0			 3			 3			17			 9
2022-10-20 09:48:09	 0		 0		 0		 0			 3			 3			17			 9
2022-10-20 09:53:11	 0		 0		 0		 0			 3			 3			17			10
2022-10-20 09:58:06	 0		 0		 0		 0			 3			 3			18			10
2022-10-20 10:03:09	 1		 0		 0		 0			 4			 3			18			10
2022-10-20 10:08:15	 0		 0		 0		 0			 4			 3			17			10
2022-10-20 10:13:17	 0		 0		 0		 0			 4			 4			18			10
2022-10-20 10:18:06	 0		 0		 0		 0			 4			 4			18			10
2022-10-20 10:23:09	 0		 0		 0		 0			 4			 4			18			10
2022-10-20 10:28:13	 0		 0		 0		 0			 4			 4			18			10
2022-10-20 10:33:18	 0		 0		 0		 0			 4			 4			18			10
2022-10-20 10:38:21	 0		 0		 0		 0			 4			 4			18			 9
2022-10-20 10:43:09	 0		 0		 0		 0			 4			 4			18			10
2022-10-20 10:48:15	 0		 0		 0		 0			 4			 4			18			10
2022-10-20 10:53:27	 0		 0		 0		 0			 4			 4			18			10
2022-10-20 10:58:08	 0		 0		 0		 0			 3			 4			18			11
2022-10-20 11:03:14	 0		 0		 0		 0			 3			 4			18			11
2022-10-20 11:08:16	 0		 0		 0		 0			 3			 4			19			11
2022-10-20 11:13:16	 0		 0		 0		 0			 3			 4			19			11
2022-10-20 11:18:18	 0		 0		 0		 0			 3			 4			19			11
2022-10-20 11:23:11	 0		 0		 0		 0			 3			 4			19			11
2022-10-20 11:28:16	 0		 0		 0		 0			 3			 4			19			11
2022-10-20 11:33:21	 0		 0		 0		 0			 4			 4			19			11
2022-10-20 11:38:28	 0		 0		 1		 0			 4			 4			19			10
2022-10-20 11:43:28	 0		 0		 1		 0			 4			 4			19			10
2022-10-20 11:48:31	 0		 0		 1		 0			 3			 4			19			10
2022-10-20 11:53:11	 0		 0		 1		 0			 2			 4			19			10
2022-10-20 11:58:14	 0		 0		 1		 0			 2			 4			19			11
2022-10-20 12:03:18	 0		 0		 1		 0			 2			 4			19			14
2022-10-20 12:08:25	 0		 0		 1		 1			 2			 4			19			14
2022-10-20 12:13:29	 0		 0		 1		 0			 2			 4			19			14
2022-10-20 12:18:33	 0		 0		 1		 0			 2			 4			19			14
2022-10-20 12:23:36	 0		 0		 1		 0			 1			 4			 9			14
2022-10-20 12:33:20	 0		 0		 1		 0			 1			 4			 1			14
2022-10-20 12:43:22	 0		 0		 1		 0			 1			 4			 1			14
2022-10-20 12:52:49	15		17		 7		23			23			 8			19			15
2022-10-20 13:03:08	15		17		 8		23			23			 9			18			15
2022-10-20 13:12:50	15		17		 8		23			23			 9			18			15
2022-10-20 13:22:52	15		17		 8		23			23			 9			18			16
2022-10-20 13:32:52	15		17		 8		23			23			 9			17			15
2022-10-20 13:42:53	15		17		 8		23			22			 9			18			15
2022-10-20 13:53:01	15		17		 8		23			22			 9			17			14
2022-10-20 14:02:58	15		17		 8		24			23			 9			17			14
2022-10-20 14:12:57	15		17		 8		24			23			 9			17			14
2022-10-20 14:23:07	15		17		 8		24			23			10			16			13
2022-10-20 14:33:04	15		17		 8		24			23			10			15			12
2022-10-20 14:43:11	14		17		 8		24			24			10			15			12
2022-10-20 14:53:04	15		17		 8		24			24			10			15			13
2022-10-20 15:03:10	15		17		 8		24			24			10			16			14
2022-10-20 15:12:55	15		17		 8		24			24			10			16			14
2022-10-20 15:23:09	15		17		 8		23			23			10			16			14
2022-10-20 15:32:56	15		17		 8		24			23			10			15			14
2022-10-20 15:42:56	15		16		 8		24			23			10			16			14
2022-10-20 15:52:56	15		17		 8		24			23			10			15			13
2022-10-20 16:02:56	14		17		 8		24			23			10			14			13
2022-10-20 16:12:56	14		17		 8		24			24			11			15			14
2022-10-20 16:23:03	15		17		 8		23			24			11			13			15
2022-10-20 16:33:03	14		16		 8		24			24			12			13			14
2022-10-20 16:43:08	15		16		 8		23			23			11			13			15
2022-10-20 16:53:13	14		15		 8		23			24			11			14			15
2022-10-20 17:02:56	14		16		 8		23			23			11			15			14
2022-10-20 17:13:03	14		16		 8		24			23			11			16			14
2022-10-20 17:23:09	13		16		 8		24			23			10			17			15
2022-10-20 17:32:56	14		15		 8		19			23			10			17			14
2022-10-20 17:43:15	14		16		 8		 2			23			10			17			14
2022-10-20 17:53:06	15		16		 8		 3			23			10			18			14
2022-10-20 18:03:16	15		15		 8		 3			23			10			18			13
2022-10-20 18:13:03	15		15		 8		 1			23			10			19			13
2022-10-20 18:23:01	15		15		 7		 2			22			11			19			13
2022-10-20 18:33:16	15		15		 7		 2			21			11			19			13
2022-10-20 18:43:03	15		17		 7		 3			20			11			19			13
2022-10-20 18:53:05	15		17		 7		 3			20			12			20			12
2022-10-20 19:03:17	15		17		 7		 1			20			12			20			12
2022-10-20 19:13:09	15		17		 7		 2			21			12			20			12
2022-10-20 19:23:15	15		17		 7		 1			22			12			19			12
2022-10-20 19:33:20	15		17		 7		 2			23			12			18			13
2022-10-20 19:43:16	15		17		 7		 3			23			12			18			13
2022-10-20 19:53:25	15		17		 6		 3			22			12			18			12
2022-10-20 20:03:13	15		17		 6		 0			22			12			18			12
2022-10-20 20:13:21	15		17		 6		 0			22			12			19			12
2022-10-20 20:23:11	15		17		 5		 0			21			12			19			11
2022-10-20 20:33:11	15		17		 5		 0			21			12			19			12
2022-10-20 20:43:14	14		17		 5		 0			21			12			19			12
2022-10-20 20:53:08	14		17		 4		 0			20			12			18			12
2022-10-20 21:03:13	13		17		 4		 1			20			12			18			11
2022-10-20 21:13:14	12		17		 4		 1			20			12			18			10
2022-10-20 21:23:14	12		17		 3		 1			19			12			19			10
2022-10-20 21:33:15	11		17		 3		 1			19			12			19			10
2022-10-20 21:43:17	11		17		 3		 0			19			12			19			10
2022-10-20 21:53:24	10		17		 3		 0			19			12			19			10
2022-10-20 22:03:29	 9		17		 3		 0			19			12			19			10
2022-10-20 22:13:25	 9		17		 3		 0			20			12			19			10
2022-10-20 22:23:14	 9		17		 1		 0			23			12			19			 9
2022-10-20 22:33:18	 9		17		 1		 0			23			12			20			 9
2022-10-20 22:43:28	 9		17		 1		 1			23			12			20			10
2022-10-20 22:53:28	 9		17		 1		 1			23			12			20			 9
2022-10-20 23:03:30	 9		17		 1		 1			23			11			19			10
2022-10-20 23:13:28	 9		17		 1		 1			23			11			19			10
2022-10-20 23:23:28	 9		17		 1		 1			24			11			19			10
2022-10-20 23:33:26	 9		17		 1		 1			24			11			19			10
2022-10-20 23:43:22	 9		17		 1		 1			24			11			19			10
2022-10-20 23:53:17	 9		17		 1		 2			24			12			19			10
2022-10-21 00:03:29	10		16		 1		 2			24			12			19			10
2022-10-21 00:13:20	10		16		 1		 2			24			12			19			10
2022-10-21 00:23:19	 9		16		 1		 2			24			12			19			10
2022-10-21 00:33:19	 9		16		 1		 2			24			12			19			11
2022-10-21 00:43:27	 9		16		 1		 2			24			12			19			12
2022-10-21 00:53:36	 9		16		 1		 3			24			12			19			12
2022-10-21 01:03:20	 9		16		 1		 3			24			12			19			12
2022-10-21 01:13:16	 9		16		 1		 3			24			12			19			12
2022-10-21 01:23:17	 9		16		 1		 3			24			12			19			12
2022-10-21 01:33:25	 9		16		 1		 3			24			12			19			12
2022-10-21 01:43:32	 9		16		 1		 3			24			12			19			12
2022-10-21 01:53:37	 9		16		 1		 3			24			12			19			12
2022-10-21 02:03:20	 9		16		 1		 3			24			12			19			12
2022-10-21 02:13:22	 9		16		 1		 3			24			12			19			12
2022-10-21 02:23:23	 9		16		 1		 3			24			12			19			12
2022-10-21 02:33:25	 9		16		 1		 3			24			12			19			12
2022-10-21 02:43:27	 9		16		 1		 3			24			12			19			12
2022-10-21 02:53:23	 9		16		 1		 3			24			12			19			12
2022-10-21 03:03:22	 9		16		 1		 3			24			12			19			12
2022-10-21 03:13:38	 9		16		 1		 3			24			12			19			12
2022-10-21 03:23:22	 9		16		 1		 3			24			12			19			12
2022-10-21 03:33:23	 9		16		 1		 3			24			12			19			12
2022-10-21 03:43:34	 9		16		 1		 3			24			12			19			12
2022-10-21 03:53:24	 9		16		 1		 3			24			12			19			12
2022-10-21 04:03:23	 9		16		 1		 3			24			12			19			12
2022-10-21 04:13:41	 9		16		 1		 3			24			12			19			12
2022-10-21 04:23:32	 9		16		 1		 3			24			12			19			12
2022-10-21 04:33:26	 9		16		 1		 3			24			12			19			12
2022-10-21 04:43:40	 9		16		 1		 3			24			12			19			12
2022-10-21 04:53:42	 9		16		 1		 3			24			12			19			12
2022-10-21 05:03:43	 9		16		 1		 3			24			12			19			12
2022-10-21 05:13:28	 9		16		 1		 3			24			12			19			12
2022-10-21 05:23:28	 9		16		 1		 3			24			12			19			12
2022-10-21 05:33:46	 9		16		 1		 3			24			12			19			12
2022-10-21 05:43:41	 9		16		 1		 3			24			12			19			12
2022-10-21 05:53:40	 9		16		 1		 3			24			12			16			12
2022-10-21 06:03:36	 9		16		 2		 3			24			12			16			12
2022-10-21 06:13:37	 9		16		 2		 3			24			12			16			12
2022-10-21 06:23:42	 9		16		 2		 3			24			12			16			12
2022-10-21 06:33:47	 9		16		 2		 3			24			12			13			12
2022-10-21 06:43:35	 9		16		 2		 4			24			12			12			12
2022-10-21 06:53:46	 9		16		 2		 4			23			12			11			12
2022-10-21 07:03:49	10		16		 2		 3			23			12			10			12
2022-10-21 07:13:49	10		16		 2		 6			20			12			10			12
2022-10-21 07:23:29	10		16		 2		 6			20			12			10			12
2022-10-21 07:33:28	10		16		 2		 6			20			12			 9			12
2022-10-21 07:43:34	10		16		 2		 7			20			12			 9			11
2022-10-21 07:53:43	11		16		 2		 7			22			12			 9			 9
2022-10-21 08:03:46	11		15		 3		 8			23			12			 8			 9
2022-10-21 08:13:45	12		16		 3		10			22			12			 8			11
2022-10-21 08:23:37	14		16		 3		 9			23			12			 4			11
2022-10-21 08:33:49	15		16		 3		10			20			12			 2			 9
2022-10-21 08:43:28	15		17		 5		10			21			12			 0			11
2022-10-21 08:53:33	15		17		 5		14			22			12			 0			 9
2022-10-21 09:03:39	15		17		 6		16			22			11			 0			 6
2022-10-21 09:13:39	15		17		 6		18			22			10			 0			 8
2022-10-21 09:23:33	15		17		 6		20			23			10			 1			 8
2022-10-21 09:33:36	15		17		 6		20			23			10			 1			 8
2022-10-21 09:43:41	15		17		 6		20			23			10			 1			 8
2022-10-21 09:53:51	15		17		 7		20			23			10			 1			 8
2022-10-21 10:03:44	15		17		 7		21			23			10			 1			 9
2022-10-21 10:13:38	15		17		 7		21			23			10			 1			10
2022-10-21 10:23:54	15		17		 7		24			23			10			 1			 9
2022-10-21 10:33:44	15		17		 7		24			23			10			 1			 9
2022-10-21 10:43:49	15		17		 8		23			22			10			 1			 9
2022-10-21 10:53:52	15		16		 8		23			22			10			 1			 9
2022-10-21 11:03:57	15		16		 8		24			23			10			 1			 9
2022-10-21 11:13:41	15		16		 8		24			23			10			 1			10
2022-10-21 11:23:41	15		16		 8		24			23			10			 1			10
2022-10-21 11:33:52	14		17		 7		24			23			10			 1			10
2022-10-21 11:43:55	14		17		 7		24			22			10			 1			10
2022-10-21 11:53:44	14		17		 7		24			22			10			 1			10
2022-10-21 12:03:39	14		17		 8		24			22			10			 1			10
2022-10-21 12:13:49	13		17		 8		24			21			11			 1			10
2022-10-21 12:24:01	13		17		 8		24			21			11			 0			10
2022-10-21 12:33:53	15		17		 7		24			21			11			 0			 9
2022-10-21 12:43:45	15		17		 7		24			22			11			 0			 9
2022-10-21 12:53:45	15		17		 7		24			22			11			 0			 9
2022-10-21 13:03:45	15		17		 7		23			22			10			 0			10
2022-10-21 13:13:46	15		17		 7		23			21			10			 0			10
2022-10-21 13:23:59	15		17		 7		23			20			10			 0			 8
2022-10-21 13:33:52	15		17		 7		23			20			10			 0			 8
2022-10-21 13:44:04	14		17		 7		23			22			10			 0			 6
2022-10-21 13:53:59	14		17		 8		24			22			10			 0			 7
2022-10-21 14:03:59	14		17		 8		24			22			10			 0			 7
2022-10-21 14:14:01	14		17		 8		24			22			10			 0			 7
2022-10-21 14:23:56	14		17		 8		24			22			10			 0			 8
2022-10-21 14:55:42	14		17		 8		24			23			10			 0			24
2022-10-21 15:05:39	14		17		 7		24			23			10			 0			26
2022-10-21 15:15:33	14		17		 7		24			23			10			 0			26
2022-10-21 15:25:43	15		17		 7		24			20			 9			 0			26
2022-10-21 15:35:29	14		17		 8		23			21			 8			 0			25
2022-10-21 15:45:24	14		17		 8		22			19			 8			 0			25
2022-10-21 15:55:36	13		17		 8		21			20			 8			 1			25
2022-10-21 16:05:34	13		17		 8		19			22			 8			 2			25
2022-10-21 16:15:40	14		17		 8		21			20			 8			 2			27
2022-10-21 16:25:40	15		16		 8		21			22			 8			 4			26
2022-10-21 16:35:30	15		15		 8		20			22			 8			 4			26
2022-10-21 16:45:42	15		16		 8		20			22			 8			 5			26
2022-10-21 16:55:32	15		16		 7		19			23			 8			 6			25
2022-10-21 17:05:46	14		16		 8		20			22			 9			 7			26
2022-10-21 17:15:42	14		16		 8		20			22			 9			 8			25
2022-10-21 17:25:26	13		17		 8		20			21			 9			 9			25
2022-10-21 17:35:47	11		17		 8		20			21			 9			 8			25
2022-10-21 17:45:39	12		17		 8		19			21			 9			 8			25
2022-10-21 17:55:34	12		16		 8		19			20			 9			 9			25
2022-10-21 18:05:45	12		16		 8		19			20			 9			 9			25
2022-10-21 18:15:36	13		15		 8		20			23			 9			 9			25
2022-10-21 18:25:49	12		15		 8		19			23			 9			 8			26
2022-10-21 18:35:40	12		16		 8		19			23			 9			 8			26
2022-10-21 18:45:31	12		16		 8		20			23			 9			 8			27
2022-10-21 18:55:45	12		16		 8		20			23			 9			 8			28
2022-10-21 19:05:34	12		16		 8		19			22			 9			 8			28
2022-10-21 19:15:52	12		16		 8		18			22			11			 9			27
2022-10-21 19:25:55	12		16		 8		18			22			11			 9			27
2022-10-21 19:35:51	12		16		 8		18			22			11			 9			26
2022-10-21 19:45:52	12		16		 7		18			22			11			 9			26
2022-10-21 19:55:37	12		16		 7		18			22			10			 8			27
2022-10-21 20:05:46	12		16		 7		18			22			10			 8			27
2022-10-21 20:15:54	12		16		 7		18			23			10			 8			27
2022-10-21 20:25:42	12		16		 7		18			23			10			 8			27
2022-10-21 20:35:52	12		17		 7		18			23			10			 8			28
2022-10-21 20:45:53	12		17		 7		18			23			10			 8			28
2022-10-21 20:55:54	12		17		 7		18			23			10			 8			28
2022-10-21 21:05:57	12		17		 7		18			22			10			 8			28
2022-10-21 21:15:43	12		17		 7		20			22			10			 9			28
2022-10-21 21:25:43	12		17		 7		20			22			10			10			28
2022-10-21 21:35:44	12		17		 7		20			22			10			10			27
2022-10-21 21:45:49	12		17		 7		20			22			10			10			28
2022-10-21 21:55:42	12		17		 7		20			22			10			 9			28
2022-10-21 22:05:54	12		17		 7		20			22			10			12			28
2022-10-21 22:15:54	12		17		 8		19			23			10			12			28
2022-10-21 22:25:42	12		17		 8		19			23			10			14			27
2022-10-21 22:35:53	12		17		 8		19			23			10			14			27
2022-10-21 22:45:56	12		17		 8		19			23			10			14			27
2022-10-21 22:55:46	12		17		 8		19			23			10			14			28
2022-10-21 23:05:58	13		17		 8		19			23			10			14			28
2022-10-21 23:15:47	13		17		 8		19			23			11			14			28
2022-10-21 23:25:47	13		17		 8		20			23			11			14			28
2022-10-21 23:35:46	13		17		 8		19			23			11			14			28
2022-10-21 23:45:49	13		17		 8		19			22			11			14			27
2022-10-21 23:55:59	13		16		 8		20			23			11			16			28
2022-10-22 00:05:57	10		16		 8		20			23			11			16			28
2022-10-22 00:15:52	10		16		 8		21			21			11			16			28
2022-10-22 00:25:59	10		16		 8		20			21			11			16			28
2022-10-22 00:36:06	10		16		 8		20			21			11			17			28
2022-10-22 00:45:57	10		16		 8		19			21			11			17			28
2022-10-22 00:56:06	10		16		 8		20			21			12			17			28
2022-10-22 01:05:57	10		16		 8		20			21			12			17			28
2022-10-22 01:16:06	10		16		 8		20			21			12			17			28
2022-10-22 01:25:50	10		16		 8		20			21			12			17			28
2022-10-22 01:35:49	10		16		 8		20			21			12			17			28
2022-10-22 01:45:52	10		16		 8		20			21			12			17			28
2022-10-22 01:56:00	10		16		 8		20			21			12			17			28
2022-10-22 02:05:56	10		16		 8		20			21			12			17			28
2022-10-22 02:16:08	10		16		 8		20			21			12			17			28
2022-10-22 02:25:55	10		16		 8		20			21			12			17			28
2022-10-22 02:36:05	10		16		 8		20			21			12			17			28
2022-10-22 02:45:52	10		16		 8		20			21			12			17			28
2022-10-22 02:56:04	10		16		 8		20			21			12			17			28
2022-10-22 03:06:09	10		16		 8		20			21			12			17			28
2022-10-22 03:15:56	10		16		 8		20			21			12			17			28
2022-10-22 03:25:59	10		16		 8		20			21			12			17			28
2022-10-22 03:36:05	10		16		 8		20			21			12			17			28
2022-10-22 03:46:03	10		16		 8		20			21			12			17			28
2022-10-22 03:56:01	10		16		 8		20			21			12			17			28
2022-10-22 04:06:06	10		16		 8		20			21			12			17			28
2022-10-22 04:16:12	10		16		 8		20			21			12			17			28
2022-10-22 04:26:15	10		16		 8		20			21			12			17			28
2022-10-22 04:36:08	10		16		 8		20			21			12			17			28
2022-10-22 04:46:12	10		16		 8		20			21			12			17			28
2022-10-22 04:56:01	10		16		 8		20			21			12			17			28
2022-10-22 05:06:06	10		16		 8		20			21			12			17			28
2022-10-22 05:16:10	10		16		 8		20			21			12			17			28
2022-10-22 05:26:17	10		16		 8		20			21			12			17			28
2022-10-22 05:36:04	10		16		 8		20			21			12			17			28
2022-10-22 05:46:16	10		16		 8		20			21			12			17			28
2022-10-22 05:56:07	10		16		 8		20			21			12			17			28
2022-10-22 06:06:06	10		16		 8		20			21			12			17			28
2022-10-22 06:16:13	10		16		 8		20			21			12			17			28
2022-10-22 06:26:00	10		16		 8		20			21			12			17			28
2022-10-22 06:36:12	10		16		 8		20			21			12			17			28
2022-10-22 06:46:14	10		16		 8		20			21			12			17			28
2022-10-22 06:56:08	10		16		 8		20			21			12			17			28
2022-10-22 07:06:19	10		16		 8		20			21			12			17			28
2022-10-22 07:16:16	10		16		 8		20			21			12			17			28
2022-10-22 07:26:12	10		16		 8		20			21			12			17			28
2022-10-22 07:36:17	10		16		 8		20			21			12			16			28
2022-10-22 07:46:07	10		16		 8		20			21			12			16			28
2022-10-22 07:56:12	10		16		 8		20			21			12			16			28
2022-10-22 08:06:03	10		16		 8		20			21			12			16			28
2022-10-22 08:16:08	10		16		 8		20			21			12			16			28
2022-10-22 08:26:14	10		16		 8		20			21			12			16			28
2022-10-22 08:36:06	10		16		 8		20			21			12			16			28
2022-10-22 08:46:21	10		16		 8		19			21			12			16			28
2022-10-22 08:56:07	10		16		 8		19			21			12			16			28
2022-10-22 09:06:10	10		16		 8		20			21			12			16			28
2022-10-22 09:16:21	 9		16		 8		19			21			12			15			28
2022-10-22 09:26:18	10		16		 8		18			21			12			15			27
2022-10-22 09:36:22	10		16		 8		18			21			12			15			27
2022-10-22 09:46:24	10		16		 8		18			21			12			15			27
2022-10-22 09:56:13	10		16		 8		19			21			12			15			25
2022-10-22 10:06:06	11		16		 8		19			21			12			14			25
2022-10-22 10:16:26	11		16		 8		19			20			12			13			25
2022-10-22 10:26:16	11		16		 8		19			20			12			13			25
2022-10-22 10:36:12	11		16		 8		19			20			12			13			24
2022-10-22 10:46:22	13		16		 8		18			19			12			13			24
2022-10-22 10:56:15	13		16		 8		18			19			12			13			24
2022-10-22 11:06:08	13		15		 8		18			19			12			12			24
2022-10-22 11:16:17	14		15		 8		18			19			11			12			24
2022-10-22 11:26:16	15		15		 8		18			19			11			12			24
2022-10-22 11:36:11	15		15		 8		18			19			11			12			23
2022-10-22 11:46:17	15		16		 8		17			19			11			12			23
2022-10-22 11:56:23	15		17		 8		17			19			11			12			23
2022-10-22 12:06:18	15		17		 8		18			22			11			12			23
2022-10-22 12:16:13	15		17		 8		18			22			11			12			23
2022-10-22 12:26:20	15		17		 8		19			22			11			12			22
2022-10-22 12:36:13	15		17		 8		21			21			11			12			20
2022-10-22 12:46:26	15		17		 8		21			21			11			13			19
2022-10-22 12:56:21	15		17		 8		21			21			11			13			19
2022-10-22 13:06:21	15		17		 8		21			21			11			12			18
2022-10-22 13:16:16	15		17		 8		20			21			11			12			18
2022-10-22 13:26:15	15		17		 8		20			21			11			12			17
2022-10-22 13:36:32	15		17		 8		22			23			11			10			17
2022-10-22 13:46:26	15		17		 8		24			23			11			10			17
2022-10-22 13:56:24	15		16		 8		24			23			11			 9			16
2022-10-22 14:06:17	15		16		 8		24			22			11			 9			16
2022-10-22 14:16:16	15		16		 8		23			22			11			 9			16
2022-10-22 14:26:28	15		16		 8		23			22			11			 9			16
2022-10-22 14:36:24	15		16		 8		22			22			11			 9			15
2022-10-22 14:46:19	15		16		 8		22			23			11			 9			15
2022-10-22 14:56:32	13		16		 8		22			23			11			 9			15
2022-10-22 15:06:17	13		16		 8		22			23			11			 9			14
2022-10-22 15:16:23	15		16		 8		23			23			11			 7			14
2022-10-22 15:26:30	15		16		 8		23			23			11			 5			14
2022-10-22 15:36:25	14		16		 8		23			23			11			 7			14
2022-10-22 15:46:18	14		16		 8		22			23			11			 7			14
2022-10-22 15:56:32	14		16		 8		22			23			11			 8			14
2022-10-22 16:06:18	14		17		 8		22			23			12			 8			14
2022-10-22 16:16:20	14		17		 8		23			23			12			 7			14
2022-10-22 16:26:24	15		17		 8		24			22			12			 7			14
2022-10-22 16:36:24	15		17		 8		24			23			12			 7			13
2022-10-22 16:46:34	15		17		 8		24			23			12			 7			13
2022-10-22 16:56:28	15		17		 8		24			23			12			 7			13
2022-10-22 17:06:40	15		17		 8		23			21			12			 7			14
2022-10-22 17:16:41	15		17		 8		23			21			12			 6			14
2022-10-22 17:26:22	15		17		 8		23			20			12			 7			15
2022-10-22 17:36:33	15		16		 8		23			19			12			 7			15
2022-10-22 17:46:24	15		16		 8		22			19			12			 6			15
2022-10-22 17:56:24	15		16		 8		23			19			12			 6			15
2022-10-22 18:06:37	15		16		 8		23			19			12			 6			16
2022-10-22 18:16:24	15		16		 7		22			18			12			 7			15
2022-10-22 18:26:39	14		16		 7		23			18			12			 7			15
2022-10-22 18:36:28	14		15		 7		22			17			12			 6			15
2022-10-22 18:46:39	14		15		 7		21			17			12			 7			14
2022-10-22 18:56:25	14		16		 7		21			17			12			 7			15
2022-10-22 19:06:36	14		17		 7		21			15			12			 8			14
2022-10-22 19:16:47	14		17		 7		20			15			12			 8			15
2022-10-22 19:26:39	14		17		 7		18			15			12			 7			15
2022-10-22 19:36:30	14		17		 7		18			14			12			 7			15
2022-10-22 19:46:32	14		17		 7		18			14			12			 7			15
2022-10-22 19:56:38	15		17		 7		18			15			12			 7			16
2022-10-22 20:06:33	15		17		 7		17			15			12			 6			16
2022-10-22 20:16:43	15		17		 7		16			15			12			 6			16
2022-10-22 20:26:29	15		17		 7		14			15			12			 6			16
2022-10-22 20:36:41	15		17		 7		14			14			12			 6			16
2022-10-22 20:46:39	15		17		 7		14			14			12			 6			16
2022-10-22 20:56:34	15		17		 7		14			14			12			 6			15
2022-10-22 21:06:49	15		17		 7		14			14			12			 6			15
2022-10-22 21:16:36	15		17		 8		14			14			12			 6			15
2022-10-22 21:26:50	15		17		 8		14			14			12			 4			16
2022-10-22 21:36:36	15		17		 8		14			14			12			 4			16
2022-10-22 21:46:45	15		17		 8		15			14			12			 4			16
2022-10-22 21:56:51	15		17		 8		15			14			12			 4			16
2022-10-22 22:06:49	15		17		 8		16			14			12			 4			17
2022-10-22 22:16:47	15		17		 8		16			15			12			 3			17
2022-10-22 22:26:43	15		16		 8		17			15			12			 4			17
2022-10-22 22:36:40	15		16		 8		17			15			12			 4			17
2022-10-22 22:46:39	15		15		 8		17			15			12			 4			17
2022-10-22 22:56:36	15		15		 8		17			15			12			 4			18
2022-10-22 23:06:40	15		15		 8		17			15			12			 4			18
2022-10-22 23:16:35	15		15		 8		16			17			12			 4			18
2022-10-22 23:26:51	15		15		 8		16			17			11			 5			18
2022-10-22 23:36:50	15		17		 8		16			16			12			 5			18
2022-10-22 23:46:50	14		17		 8		15			16			12			 5			18
2022-10-22 23:56:40	14		17		 8		15			16			12			 5			18
2022-10-23 00:06:48	13		17		 8		16			17			12			 5			18
2022-10-23 00:16:40	13		17		 8		16			17			12			 5			18
2022-10-23 00:26:45	13		17		 8		16			17			12			 6			18
2022-10-23 00:36:50	13		17		 8		16			17			12			 6			19
2022-10-23 00:46:56	13		17		 8		16			17			12			 6			19
2022-10-23 00:56:45	13		17		 8		16			17			12			 6			18
2022-10-23 01:06:47	13		17		 8		16			17			12			 5			18
2022-10-23 01:16:58	13		17		 8		17			17			12			 5			18
2022-10-23 01:26:39	13		17		 8		17			17			12			 5			18
2022-10-23 01:36:56	13		17		 8		17			17			12			 5			18
2022-10-23 01:46:50	13		17		 8		17			17			12			 5			18
2022-10-23 01:56:57	13		17		 8		17			17			12			 5			18
2022-10-23 02:06:49	13		17		 8		17			17			12			 5			18
2022-10-23 02:16:56	13		17		 8		17			17			12			 5			18
2022-10-23 02:26:41	13		17		 8		17			17			12			 5			18
2022-10-23 02:36:45	13		17		 8		17			17			12			 5			18
2022-10-23 02:46:45	13		17		 8		17			17			12			 5			18
2022-10-23 02:57:01	13		17		 8		17			17			12			 5			18
2022-10-23 03:06:57	13		17		 8		17			17			12			 5			18
2022-10-23 03:16:54	13		17		 8		17			17			12			 5			18
2022-10-23 03:27:04	13		17		 8		17			17			12			 5			18
2022-10-23 03:36:55	13		17		 8		17			17			12			 5			18
2022-10-23 03:46:59	13		17		 8		17			17			12			 5			18
2022-10-23 03:56:57	13		17		 8		17			17			12			 5			18
2022-10-23 04:06:48	13		17		 8		17			17			12			 5			18
2022-10-23 04:17:05	13		17		 8		17			17			12			 5			18
2022-10-23 04:26:46	13		17		 8		17			17			12			 5			18
2022-10-23 04:36:49	13		17		 8		17			17			12			 5			18
2022-10-23 04:46:48	13		17		 8		17			17			12			 5			18
2022-10-23 04:56:48	13		17		 8		17			17			12			 5			18
2022-10-23 05:06:51	13		17		 8		17			17			12			 5			18
2022-10-23 05:16:53	13		17		 8		16			17			12			 5			18
2022-10-23 05:26:53	13		17		 8		16			17			12			 5			18
2022-10-23 05:36:51	13		17		 8		16			17			12			 5			18
2022-10-23 05:46:53	13		17		 8		16			17			12			 5			18
2022-10-23 05:57:00	13		17		 8		16			17			12			 5			18
2022-10-23 06:07:04	13		17		 8		16			17			12			 5			18
2022-10-23 06:16:51	13		17		 8		16			17			12			 5			18
2022-10-23 06:26:56	13		17		 8		16			17			12			 5			18
2022-10-23 06:36:59	13		17		 8		16			17			12			 5			18
2022-10-23 06:46:59	13		17		 8		16			17			12			 3			18
2022-10-23 06:56:53	13		17		 8		16			17			12			 3			18
2022-10-23 07:06:53	13		17		 8		16			17			12			 3			18
2022-10-23 07:16:52	13		17		 8		16			17			12			 3			18
2022-10-23 07:26:51	13		17		 8		16			17			12			 2			18
2022-10-23 07:36:52	13		16		 8		16			17			12			 2			18
2022-10-23 07:46:54	13		16		 8		16			17			12			 3			18
2022-10-23 07:56:59	13		16		 8		16			16			12			 3			18
2022-10-23 08:07:00	13		16		 8		16			16			12			 3			18
2022-10-23 08:16:53	13		16		 8		16			16			12			 3			18
2022-10-23 08:27:02	13		16		 8		16			16			12			 3			18
2022-10-23 08:37:12	13		16		 8		16			16			12			 2			18
2022-10-23 08:47:10	13		16		 8		16			16			12			 2			18
2022-10-23 08:57:07	13		16		 8		16			16			12			 2			18
2022-10-23 09:07:13	14		16		 8		16			16			12			 2			17
2022-10-23 09:16:55	14		16		 8		16			16			12			 1			17
2022-10-23 09:26:55	14		16		 8		16			16			12			 1			17
2022-10-23 09:37:12	14		16		 8		16			16			12			 0			17
2022-10-23 09:47:02	14		16		 8		16			16			12			 0			16
2022-10-23 09:57:11	14		16		 8		16			16			12			 0			16
2022-10-23 10:07:09	14		16		 8		14			16			12			 0			16
2022-10-23 10:16:56	14		16		 8		14			16			12			 0			16
2022-10-23 10:27:10	14		16		 8		14			16			12			 0			16
2022-10-23 10:37:13	14		16		 8		13			16			12			 0			15
2022-10-23 10:47:04	14		17		 8		14			16			12			 0			14
2022-10-23 10:57:09	14		17		 8		15			15			12			 0			13
2022-10-23 11:07:08	14		17		 8		15			15			12			 0			12
2022-10-23 11:17:08	14		17		 8		19			15			12			 0			12
2022-10-23 11:27:01	14		17		 8		22			14			12			 0			12
2022-10-23 11:37:04	14		17		 8		22			13			12			 0			12
2022-10-23 11:47:16	14		17		 8		24			13			12			 0			12
2022-10-23 11:57:01	14		17		 8		24			13			12			 0			12
2022-10-23 12:07:14	14		17		 8		24			12			12			 0			12
2022-10-23 12:17:09	15		17		 8		23			12			12			 0			12
2022-10-23 12:27:15	15		17		 8		23			12			12			 0			12
2022-10-23 12:37:19	15		17		 8		17			12			12			 0			13
2022-10-23 12:47:02	15		17		 8		16			12			12			 0			13
2022-10-23 12:57:03	15		17		 8		12			12			12			 0			13
2022-10-23 13:07:08	15		17		 8		12			12			12			 0			13
2022-10-23 13:17:08	15		17		 8		12			12			12			 0			13
2022-10-23 13:27:10	15		17		 8		13			12			12			 0			13
2022-10-23 13:37:02	15		17		 8		14			12			12			 0			13
2022-10-23 13:47:14	15		17		 8		15			12			12			 0			13
2022-10-23 13:57:08	15		17		 8		14			12			12			 0			13
2022-10-23 14:06:58	15		17		 8		13			12			12			 0			12
2022-10-23 14:17:01	15		17		 8		13			12			12			 0			11
2022-10-23 14:27:15	15		17		 8		13			12			12			 0			11
2022-10-23 14:37:19	15		17		 8		15			12			12			 0			11
2022-10-23 14:47:18	15		17		 8		16			11			12			 0			11
2022-10-23 14:57:17	14		17		 8		15			12			12			 0			11
2022-10-23 15:07:01	14		17		 8		16			12			12			 0			11
2022-10-23 15:17:24	14		17		 8		16			12			12			 0			 9
2022-10-23 15:27:14	14		16		 8		17			11			12			 0			 8
2022-10-23 15:37:25	14		16		 8		15			11			12			 0			 8
2022-10-23 15:47:11	14		16		 8		16			12			12			 0			 8
2022-10-23 15:57:08	14		16		 8		16			12			12			 0			 8
2022-10-23 16:07:10	15		17		 8		16			12			12			 0			 6
2022-10-23 16:17:09	15		17		 8		17			12			12			 0			 5
2022-10-23 16:27:13	15		17		 8		17			13			12			 0			 5
2022-10-23 16:35:42	15		17		 8		18			13			12			 0			 5
2022-10-23 16:47:19	14		16		 8		18			14			12			 0			 4
2022-10-23 16:57:12	13		16		 8		18			14			12			 0			 4
2022-10-23 17:07:19	13		15		 8		19			14			12			 0			 4
2022-10-23 17:17:29	13		15		 8		20			13			12			 0			 4
2022-10-23 17:27:20	13		15		 8		20			14			12			 0			 3
2022-10-23 17:37:29	14		15		 8		21			15			12			 0			 3
2022-10-23 17:47:12	14		15		 8		20			15			12			 0			 2
2022-10-23 17:57:26	14		15		 8		22			14			12			 0			 2
2022-10-23 18:07:29	15		15		 8		23			14			12			 0			 2
2022-10-23 18:17:29	15		14		 8		23			14			12			 1			 2
2022-10-23 18:27:21	15		15		 8		23			14			12			 1			 2
2022-10-23 18:37:12	15		15		 8		23			14			12			 1			 2
2022-10-23 18:47:29	15		16		 8		24			14			12			 1			19
2022-10-23 18:57:20	15		16		 8		24			14			12			 1			19
2022-10-23 19:07:31	15		16		 8		24			14			12			 0			19
2022-10-23 19:17:23	15		17		 8		24			14			12			 0			19
2022-10-23 19:27:14	15		17		 8		24			14			12			 0			19
2022-10-23 19:37:33	15		17		 8		24			14			12			 0			19
2022-10-23 19:47:14	14		17		 8		24			15			12			 0			20
2022-10-23 19:57:18	14		17		 8		23			15			12			 0			20
2022-10-23 20:07:31	14		17		 8		23			14			12			 0			20
2022-10-23 20:17:29	14		17		 8		23			14			12			 0			18
2022-10-23 20:27:35	14		17		 8		24			14			12			 0			19
2022-10-23 20:37:30	14		17		 8		24			15			12			 0			19
2022-10-23 20:47:36	13		17		 8		24			15			12			 0			19
2022-10-23 20:57:30	14		17		 8		24			15			12			 0			19
2022-10-23 21:07:39	14		17		 8		24			14			12			 0			19
2022-10-23 21:17:34	14		17		 8		24			14			12			 0			19
2022-10-23 21:27:26	14		17		 8		23			14			12			 0			19
2022-10-23 21:37:30	14		17		 8		23			15			12			 0			19
2022-10-23 21:47:35	14		17		 8		24			15			12			 0			19
2022-10-23 21:57:39	14		17		 8		24			15			12			 0			19
2022-10-23 22:07:31	14		17		 8		24			15			12			 0			19
2022-10-23 22:17:23	14		17		 8		24			15			12			 0			19
2022-10-23 22:27:39	14		17		 8		24			15			12			 0			19
2022-10-23 22:37:36	13		17		 8		24			15			12			 0			19
2022-10-23 22:47:25	13		17		 8		24			15			12			 0			19
2022-10-23 22:57:19	13		17		 8		24			15			12			 0			18
2022-10-23 23:07:40	13		17		 8		24			15			12			 0			18
2022-10-23 23:17:25	13		17		 8		24			15			12			 0			18
2022-10-23 23:27:28	12		17		 8		24			15			12			 0			18
2022-10-23 23:37:34	12		17		 8		24			15			12			 0			18
2022-10-23 23:47:24	12		17		 8		24			15			12			 0			18
2022-10-23 23:57:37	12		17		 8		24			15			12			 0			18
2022-10-24 00:07:28	12		17		 8		24			16			12			 0			18
2022-10-24 00:17:41	12		17		 8		24			16			12			 0			18
2022-10-24 00:27:36	12		17		 8		24			17			12			 0			18
2022-10-24 00:37:38	13		17		 8		24			17			12			 0			18
2022-10-24 00:47:47	13		17		 8		24			17			12			 0			18
2022-10-24 00:57:42	13		17		 8		24			17			12			 0			18
2022-10-24 01:07:31	13		17		 8		24			17			12			 0			18
2022-10-24 01:17:31	13		17		 8		24			17			12			 0			18
2022-10-24 01:27:45	13		17		 8		24			17			12			 0			18
2022-10-24 01:37:44	13		17		 8		24			17			12			 0			18
2022-10-24 01:47:48	13		17		 8		24			17			12			 0			18
2022-10-24 01:57:42	13		17		 8		24			17			12			 0			18
2022-10-24 02:07:38	13		17		 8		24			17			12			 0			18
2022-10-24 02:17:30	13		17		 8		24			17			12			 0			18
2022-10-24 02:27:40	13		17		 8		24			17			12			 0			18
2022-10-24 02:37:52	13		17		 8		24			17			12			 0			18
2022-10-24 02:47:48	13		17		 8		24			17			12			 0			18
2022-10-24 02:57:31	13		17		 8		24			17			12			 0			18
2022-10-24 03:07:39	13		17		 8		24			17			12			 0			18
2022-10-24 03:17:45	13		17		 8		24			17			12			 0			18
2022-10-24 03:27:53	13		17		 8		24			17			12			 0			18
2022-10-24 03:37:38	13		17		 8		24			17			12			 0			18
2022-10-24 03:47:48	13		17		 8		24			17			12			 0			18
2022-10-24 03:57:52	13		17		 8		24			17			12			 0			18
2022-10-24 04:07:45	13		17		 8		24			17			12			 0			18
2022-10-24 04:17:45	13		17		 8		24			17			12			 0			18
2022-10-24 04:27:41	13		17		 8		24			17			12			 0			18
2022-10-24 04:37:42	13		17		 8		24			17			12			 0			18
2022-10-24 04:47:48	13		17		 8		24			17			12			 0			18
2022-10-24 04:57:37	13		17		 8		24			17			12			 0			18
2022-10-24 05:07:50	13		17		 8		24			17			12			 0			18
2022-10-24 05:17:47	13		17		 8		24			17			12			 0			18
2022-10-24 05:27:51	13		17		 8		24			17			12			 0			18
2022-10-24 05:37:43	13		17		 8		24			17			12			 0			18
2022-10-24 05:47:57	13		17		 8		24			17			12			 0			18
2022-10-24 05:57:45	13		17		 8		24			17			12			 0			18
2022-10-24 06:07:40	13		17		 8		24			17			12			 0			18
2022-10-24 06:17:58	13		17		 8		24			17			12			 0			18
2022-10-24 06:27:46	13		17		 8		24			17			12			 1			17
2022-10-24 06:37:58	13		17		 8		24			17			12			 1			17
2022-10-24 06:47:49	13		17		 8		24			17			12			 0			17
2022-10-24 06:57:41	13		17		 8		24			17			12			 0			17
2022-10-24 07:07:43	13		17		 8		24			17			12			 0			17
2022-10-24 07:17:44	13		17		 8		24			16			12			 0			16
2022-10-24 07:27:47	13		17		 8		24			17			12			 0			16
2022-10-24 07:37:36	14		17		 8		24			17			12			 0			16
2022-10-24 07:47:49	14		17		 8		24			17			12			 0			12
2022-10-24 07:57:41	14		17		 8		24			17			12			 0			13
2022-10-24 08:07:57	14		17		 8		23			17			12			 0			15
2022-10-24 08:17:43	14		17		 8		24			17			12			 1			14
2022-10-24 08:27:44	14		17		 8		23			17			12			 0			16
2022-10-24 08:37:56	15		17		 8		24			16			12			 0			12
2022-10-24 08:47:46	15		17		 8		23			17			12			 0			 7
2022-10-24 08:58:04	15		17		 8		24			17			12			 0			 4
2022-10-24 09:07:44	15		17		 8		24			15			12			 0			 3
2022-10-24 09:17:49	15		17		 8		24			16			11			 0			 3
2022-10-24 09:27:55	15		17		 8		24			16			11			 0			 2
2022-10-24 09:38:07	15		17		 8		24			16			 9			 0			 0
2022-10-24 09:48:03	15		17		 8		24			16			 9			 0			 0
2022-10-24 09:58:04	15		17		 8		24			16			 9			 0			 0
2022-10-24 10:08:08	15		17		 8		24			16			 9			 1			 0
2022-10-24 10:17:58	15		17		 8		24			18			 9			 1			 0
2022-10-24 10:28:05	15		17		 8		24			18			 9			 1			 1
2022-10-24 10:37:59	15		17		 8		24			18			 9			 1			 1
2022-10-24 10:47:51	15		17		 8		24			18			 9			 0			 0
2022-10-24 10:57:55	15		17		 8		24			18			 8			 0			 7
2022-10-24 11:07:53	15		17		 8		24			18			 8			 0			17
2022-10-24 11:18:10	15		17		 8		24			18			 8			 0			17
2022-10-24 11:27:50	15		17		 8		24			18			 8			 0			17
2022-10-24 11:37:58	15		17		 8		24			18			 8			 0			16
2022-10-24 11:48:03	15		17		 8		24			18			 8			 0			15
2022-10-24 11:58:06	15		17		 8		24			18			 8			 0			15
2022-10-24 12:07:50	15		17		 8		23			18			 8			 0			14
2022-10-24 12:18:07	15		17		 8		23			18			 8			17			13
2022-10-24 12:27:55	15		17		 8		24			19			 8			17			13
2022-10-24 12:38:09	15		17		 8		24			19			 8			16			13
2022-10-24 12:48:05	15		17		 8		24			19			 8			16			13
2022-10-24 12:58:06	15		17		 8		24			20			 8			15			12
2022-10-24 13:07:56	15		17		 8		24			20			 8			15			11
2022-10-24 13:18:13	15		16		 8		24			20			 8			15			11
2022-10-24 13:28:09	15		16		 8		24			20			 8			15			10
2022-10-24 13:38:04	15		16		 8		24			20			 8			15			10
2022-10-24 13:47:59	15		16		 8		24			19			 8			15			 9
2022-10-24 13:58:12	15		16		 8		24			18			 8			15			10
2022-10-24 14:07:56	15		16		 8		23			18			 8			15			10
2022-10-24 14:18:12	15		16		 8		23			18			 8			15			11
2022-10-24 14:28:07	15		17		 8		24			20			 8			15			11
2022-10-24 14:38:18	15		17		 8		24			20			 8			14			11
2022-10-24 14:48:12	15		17		 8		24			20			 8			14			11
2022-10-24 14:58:01	15		17		 8		24			20			 8			14			11
2022-10-24 15:08:20	15		17		 8		24			22			 8			15			11
2022-10-24 15:18:01	15		17		 8		24			22			 8			15			10
2022-10-24 15:28:18	15		17		 8		24			22			 8			15			10
2022-10-24 15:38:17	15		17		 8		24			22			 8			15			11
2022-10-24 15:48:17	15		17		 8		24			22			 8			15			11
2022-10-24 15:58:05	15		16		 8		24			22			 8			16			12
2022-10-24 16:08:19	15		16		 8		24			22			 8			16			12
2022-10-24 16:18:10	15		16		 8		24			23			 9			15			12
2022-10-24 16:28:15	15		16		 8		24			23			 9			15			12
2022-10-24 16:38:18	15		15		 8		24			23			10			14			12
2022-10-24 16:48:10	15		15		 8		23			23			10			14			12
2022-10-24 16:58:17	14		14		 8		23			23			10			15			13
2022-10-24 17:08:07	13		14		 8		23			22			10			15			13
2022-10-24 17:18:21	12		14		 8		21			22			11			16			14
2022-10-24 17:28:19	13		14		 6		17			23			11			16			14
2022-10-24 17:38:21	14		14		 6		16			23			12			16			14
2022-10-24 17:48:10	14		15		 6		17			23			12			16			14
2022-10-24 17:58:10	14		15		 6		17			23			12			16			13
2022-10-24 18:08:18	14		15		 6		17			22			12			16			14
2022-10-24 18:18:13	14		16		 7		17			22			12			17			14
2022-10-24 18:28:15	14		16		 7		17			21			12			16			14
2022-10-24 18:38:15	14		16		 7		18			21			12			18			14
2022-10-24 18:48:19	13		16		 7		18			21			12			18			13
2022-10-24 18:58:05	13		16		 7		17			21			12			18			13
2022-10-24 19:08:15	12		15		 7		18			21			12			18			13
2022-10-24 19:18:25	12		15		 7		17			21			12			18			13
2022-10-24 19:28:29	12		15		 7		18			21			12			18			13
2022-10-24 19:38:22	12		15		 7		18			21			12			18			13
2022-10-24 19:48:29	12		15		 7		18			21			12			17			13
2022-10-24 19:58:25	12		17		 7		17			21			12			17			14
2022-10-24 20:08:25	12		17		 7		16			21			12			19			14
2022-10-24 20:18:30	12		17		 7		15			21			12			19			14
2022-10-24 20:28:18	12		17		 7		15			21			12			19			14
2022-10-24 20:38:19	11		17		 7		15			21			12			19			14
2022-10-24 20:48:23	11		17		 7		15			21			12			19			14
2022-10-24 20:58:30	11		17		 7		15			21			12			19			14
2022-10-24 21:08:29	11		17		 7		15			21			12			19			14
2022-10-24 21:18:13	11		17		 7		14			21			12			19			14
2022-10-24 21:28:21	11		17		 7		14			21			12			19			14
2022-10-24 21:38:20	11		17		 7		14			21			12			19			14
2022-10-24 21:48:18	11		17		 7		14			21			12			18			14
2022-10-24 21:58:27	11		17		 7		15			21			12			18			14
2022-10-24 22:08:16	11		17		 7		15			21			12			17			14
2022-10-24 22:18:24	11		17		 7		15			21			12			17			14
2022-10-24 22:28:27	11		17		 7		15			21			12			17			14
2022-10-24 22:38:27	11		17		 7		15			21			12			17			15
2022-10-24 22:48:35	11		17		 7		15			21			12			17			15
2022-10-24 22:58:38	11		17		 7		15			21			12			17			15
2022-10-24 23:08:33	11		17		 7		15			21			12			17			15
2022-10-24 23:18:25	11		17		 7		15			22			12			17			15
2022-10-24 23:28:38	11		17		 7		15			22			12			17			15
2022-10-24 23:38:32	11		17		 7		15			22			12			17			15
2022-10-24 23:48:33	11		17		 7		15			22			12			17			15
2022-10-24 23:58:19	11		17		 7		15			22			12			17			15
2022-10-25 00:08:38	11		17		 7		15			22			12			17			15
2022-10-25 00:18:37	11		17		 7		15			22			12			17			15
2022-10-25 00:28:28	11		17		 7		15			21			12			17			15
2022-10-25 00:38:21	11		17		 7		15			21			12			17			15
2022-10-25 00:48:38	11		17		 7		15			21			12			17			15
2022-10-25 00:58:26	11		17		 7		15			21			12			17			15
2022-10-25 01:08:42	11		17		 7		15			21			12			17			15
2022-10-25 01:18:34	11		17		 7		15			21			12			17			15
2022-10-25 01:28:29	11		17		 7		15			21			12			17			15
2022-10-25 01:38:25	11		17		 7		15			21			12			17			15
2022-10-25 01:48:38	11		17		 7		15			21			12			17			15
2022-10-25 01:58:41	11		17		 7		15			21			12			17			15
2022-10-25 02:08:40	11		17		 7		15			21			12			17			15
2022-10-25 02:18:43	11		17		 7		15			21			12			17			15
2022-10-25 02:28:39	11		17		 7		15			21			12			17			15
2022-10-25 02:38:30	11		17		 7		15			21			12			17			15
2022-10-25 02:48:35	11		17		 7		15			21			12			17			15
2022-10-25 02:58:46	11		17		 7		15			21			12			17			15
2022-10-25 03:08:39	11		17		 7		15			21			12			17			15
2022-10-25 03:18:36	11		17		 7		15			21			12			17			15
2022-10-25 03:28:35	11		17		 7		15			21			12			17			15
2022-10-25 03:38:46	11		17		 7		15			21			12			17			15
2022-10-25 03:48:32	11		17		 7		15			21			12			17			15
2022-10-25 03:58:40	11		17		 7		15			21			12			17			15
2022-10-25 04:08:41	11		17		 7		15			21			12			17			15
2022-10-25 04:18:38	11		17		 7		15			21			12			17			15
2022-10-25 04:28:47	11		17		 7		15			21			12			17			15
2022-10-25 04:38:43	11		17		 7		15			21			12			17			15
2022-10-25 04:48:42	11		17		 7		15			21			12			17			15
2022-10-25 04:58:45	11		17		 7		15			21			12			17			15
2022-10-25 05:08:41	11		17		 7		15			21			12			17			15
2022-10-25 05:18:50	11		16		 7		15			21			12			17			15
2022-10-25 05:28:44	11		16		 7		15			21			12			17			15
2022-10-25 05:38:52	12		16		 7		15			21			12			17			15
2022-10-25 05:48:40	13		16		 7		15			21			12			17			15
2022-10-25 05:58:46	13		16		 7		15			21			12			17			15
2022-10-25 06:08:38	13		16		 7		15			21			12			17			15
2022-10-25 06:18:54	13		16		 7		15			22			12			17			15
2022-10-25 06:28:57	13		16		 7		15			21			12			16			15
2022-10-25 06:38:53	13		17		 7		15			20			12			14			15
2022-10-25 06:48:45	13		17		 7		15			20			12			14			16
2022-10-25 06:58:41	13		17		 7		17			20			12			13			16
2022-10-25 07:08:37	13		17		 7		17			18			12			12			16
2022-10-25 07:18:54	13		17		 7		19			16			12			11			16
2022-10-25 07:28:55	13		17		 7		19			17			12			11			17
2022-10-25 07:38:40	13		17		 7		20			17			12			10			16
2022-10-25 07:48:41	14		17		 7		20			16			12			 9			16
2022-10-25 07:58:39	15		17		 7		20			16			12			 9			16
2022-10-25 08:08:42	15		17		 7		20			17			12			10			15
2022-10-25 08:18:39	15		17		 8		20			17			12			10			14
2022-10-25 08:28:58	15		17		 8		20			14			12			 9			13
2022-10-25 08:38:58	15		17		 8		19			14			12			 8			13
2022-10-25 08:48:53	15		17		 8		23			14			12			 7			11
2022-10-25 08:58:56	15		17		 8		24			15			12			 5			 9
2022-10-25 09:08:53	15		17		 8		24			14			12			 5			 9
2022-10-25 09:18:54	15		17		 8		24			14			12			 5			 7
2022-10-25 09:28:57	15		16		 8		24			14			12			 5			 6
2022-10-25 09:38:54	15		16		 8		24			14			12			 5			 6
2022-10-25 09:48:43	15		16		 8		24			14			12			 5			 5
2022-10-25 09:59:01	15		17		 8		24			14			12			 5			 5
2022-10-25 10:09:05	15		17		 8		23			14			12			 5			 5
2022-10-25 10:20:57	15		17		 8		12			14			12			 5			 5
2022-10-25 10:30:49	15		17		 8		 5			14			12			 5			 5
2022-10-25 10:40:47	15		17		 8		 4			14			12			 5			 5
2022-10-25 10:50:55	15		17		 8		 5			14			11			 5			 5
2022-10-25 11:00:57	15		17		 8		 5			14			11			 5			 5
2022-10-25 11:10:52	15		17		 8		 5			15			11			 5			 5
2022-10-25 11:20:46	15		17		 8		 6			15			11			 5			 5
2022-10-25 11:30:48	15		17		 8		 6			15			11			 5			 6
2022-10-25 11:40:55	15		17		 8		 6			15			11			 5			 6
2022-10-25 11:50:53	15		17		 8		 6			15			11			 5			 5
2022-10-25 12:01:05	15		17		 8		 6			15			11			 5			 5
2022-10-25 12:10:49	15		17		 8		 6			15			11			 5			 4
2022-10-25 12:20:46	15		17		 8		 7			18			11			 5			 5
2022-10-25 12:31:08	14		17		 8		 7			18			11			 4			 5
2022-10-25 12:40:57	14		17		 8		 7			18			11			 4			 5
2022-10-25 12:50:57	14		16		 8		 7			19			11			 4			 5
2022-10-25 13:00:53	14		16		 8		 7			19			11			 4			 4
2022-10-25 13:10:52	14		16		 8		 7			19			11			 5			 4
2022-10-25 13:20:51	14		16		 8		 8			19			11			 5			 4
2022-10-25 13:30:51	14		17		 8		 8			19			11			 5			 3
2022-10-25 13:41:06	14		17		 8		 9			19			11			 5			 3
2022-10-25 13:50:55	14		17		 8		 9			18			12			 5			 2
2022-10-25 14:00:58	13		17		 8		 9			17			12			 5			 3
2022-10-25 14:10:55	13		17		 8		 9			17			12			 4			 4
2022-10-25 14:21:09	13		16		 8		 8			17			12			 4			 4
2022-10-25 14:31:01	13		16		 7		 9			17			12			 5			 5
2022-10-25 14:41:10	13		16		 7		 9			17			12			 4			 5
2022-10-25 14:50:58	13		15		 7		 8			17			12			 4			 5
2022-10-25 15:00:57	13		15		 7		 8			18			12			 4			 4
2022-10-25 15:11:13	13		15		 7		 8			19			12			 4			 4
2022-10-25 15:21:00	14		14		 7		 8			18			12			 3			 3
2022-10-25 15:30:56	13		14		 7		 9			19			12			 4			 4
2022-10-25 15:40:56	13		14		 7		 8			19			12			 4			 4
2022-10-25 15:51:05	13		14		 7		 8			19			12			 2			 3
2022-10-25 16:01:06	13		14		 7		 8			19			12			 3			 3
2022-10-25 16:11:06	13		14		 7		 8			20			12			 4			 3
2022-10-25 16:21:02	14		14		 7		 8			20			12			 5			 3
2022-10-25 16:31:11	14		14		 7		 8			20			12			 5			 5
2022-10-25 16:41:05	13		14		 7		 9			20			12			 6			 4
2022-10-25 16:51:13	13		15		 7		 8			20			11			 6			 4
2022-10-25 17:01:07	13		15		 7		 8			20			12			 8			 4
2022-10-25 17:11:12	13		15		 7		 9			22			12			 8			 4
2022-10-25 17:21:01	13		16		 7		 9			22			12			 9			 4
2022-10-25 17:31:01	13		16		 7		 7			22			12			 9			 4
2022-10-25 17:41:17	13		17		 7		 5			22			12			 9			 4
2022-10-25 17:50:54	12		17		 7		 6			22			12			 9			 3
2022-10-25 18:01:05	12		17		 7		 7			21			12			12			 3
2022-10-25 18:11:08	12		17		 7		 5			22			12			11			 3
2022-10-25 18:21:17	11		17		 7		 4			22			12			13			 3
2022-10-25 18:31:19	11		17		 7		 5			22			12			13			 3
2022-10-25 18:40:58	11		17		 7		 3			22			12			13			 3
2022-10-25 18:51:19	10		17		 7		 2			22			12			13			 3
2022-10-25 19:01:17	10		17		 7		 2			21			12			15			 3
2022-10-25 19:11:05	 9		17		 7		 1			21			12			15			 3
2022-10-25 19:21:13	 9		17		 7		 1			22			12			15			 3
2022-10-25 19:31:19	 8		17		 7		 2			23			12			14			 4
2022-10-25 19:41:10	 8		17		 7		 2			23			12			14			 4
2022-10-25 19:51:16	10		17		 7		 4			23			12			14			 3
2022-10-25 20:01:21	10		17		 7		 5			22			12			14			 3
2022-10-25 20:11:23	10		17		 7		 5			22			12			14			16
2022-10-25 20:21:05	 9		17		 7		 5			21			12			15			18
2022-10-25 20:31:18	 9		17		 7		 5			21			12			15			18
2022-10-25 20:41:15	 9		17		 7		 5			21			12			15			18
2022-10-25 20:51:19	 9		17		 7		 5			21			12			15			19
2022-10-25 21:01:10	 9		17		 7		 5			21			12			16			19
2022-10-25 21:11:17	 8		17		 7		 5			21			12			16			19
2022-10-25 21:21:13	 8		17		 7		 5			21			12			16			19
2022-10-25 21:31:16	 7		17		 7		 5			21			12			16			19
2022-10-25 21:41:11	 7		17		 7		 5			21			12			16			20
2022-10-25 21:51:07	 7		17		 7		 5			21			12			15			20
2022-10-25 22:01:12	 7		16		 7		 5			21			12			16			20
2022-10-25 22:11:19	 7		16		 7		 5			21			12			16			20
2022-10-25 22:21:18	 6		16		 7		 5			22			12			16			20
2022-10-25 22:31:28	 6		16		 7		 4			22			12			16			20
2022-10-25 22:41:31	 6		16		 6		 4			22			12			16			20
2022-10-25 22:51:22	 6		15		 6		 3			22			12			16			20
2022-10-25 23:01:27	 6		15		 6		 3			22			12			16			20
2022-10-25 23:11:13	 6		15		 6		 3			22			12			16			21
2022-10-25 23:21:18	 5		15		 6		 3			22			12			16			21
2022-10-25 23:31:29	 5		15		 6		 4			22			12			16			21
2022-10-25 23:41:32	 5		15		 5		 4			22			12			16			21
2022-10-25 23:51:25	 5		15		 5		 3			22			12			16			21
2022-10-26 00:01:32	 5		15		 5		 3			22			12			16			21
2022-10-26 00:11:31	 5		15		 5		 3			23			12			16			21
2022-10-26 00:21:33	 4		15		 5		 3			23			12			16			21
2022-10-26 00:31:35	 4		15		 5		 3			23			12			16			21
2022-10-26 00:41:27	 4		15		 5		 3			23			12			16			21
2022-10-26 00:51:16	 4		15		 5		 4			23			12			16			21
2022-10-26 01:01:26	 3		15		 5		 4			23			12			16			21
2022-10-26 01:11:35	 3		15		 5		 4			23			12			16			21
2022-10-26 01:21:16	 3		15		 5		 4			23			12			16			21
2022-10-26 01:31:27	 3		15		 5		 4			23			12			16			21
2022-10-26 01:41:31	 3		15		 5		 4			23			12			16			21
2022-10-26 01:51:23	 3		15		 5		 4			23			12			16			21
2022-10-26 02:01:29	 3		15		 5		 4			23			12			16			21
2022-10-26 02:11:20	 3		15		 5		 4			23			12			16			21
2022-10-26 02:21:37	 3		15		 5		 4			23			12			16			21
2022-10-26 02:31:40	 3		15		 5		 4			23			12			16			21
2022-10-26 02:41:24	 3		15		 5		 4			23			12			16			21
2022-10-26 02:51:34	 3		15		 5		 4			23			12			16			21
2022-10-26 03:01:40	 3		15		 5		 4			23			12			16			21
2022-10-26 03:11:25	 3		15		 5		 4			23			12			16			21
2022-10-26 03:21:36	 3		15		 5		 4			23			12			16			21
2022-10-26 03:31:24	 3		15		 5		 4			23			12			16			21
2022-10-26 03:41:28	 3		15		 5		 4			23			12			16			21
2022-10-26 03:51:28	 3		15		 5		 4			23			12			16			21
2022-10-26 04:01:26	 3		15		 5		 4			23			12			16			21
2022-10-26 04:11:26	 3		15		 5		 4			23			12			16			21
2022-10-26 04:21:42	 3		15		 5		 4			23			12			16			21
2022-10-26 04:31:37	 3		15		 5		 4			23			12			16			21
2022-10-26 04:41:35	 3		15		 5		 4			23			12			16			21
2022-10-26 04:51:43	 3		15		 5		 4			23			12			16			21
2022-10-26 05:01:32	 3		15		 5		 4			23			12			16			21
2022-10-26 05:11:27	 3		15		 5		 4			23			12			16			21
2022-10-26 05:21:29	 3		14		 5		 4			23			12			16			21
2022-10-26 05:31:32	 3		14		 5		 4			23			12			16			21
2022-10-26 05:41:32	 3		14		 5		 4			23			12			16			20
2022-10-26 05:51:38	 3		14		 5		 4			23			12			16			20
2022-10-26 06:01:46	 3		14		 5		 4			23			12			16			20
2022-10-26 06:11:43	 3		14		 5		 4			23			12			16			20
2022-10-26 06:21:40	 3		15		 5		 4			23			12			16			20
2022-10-26 06:31:44	 4		15		 5		 5			23			12			16			20
2022-10-26 06:41:49	 4		16		 5		 5			22			12			15			20
2022-10-26 06:51:35	 4		16		 5		 5			22			12			16			20
2022-10-26 07:01:32	 4		16		 5		 4			22			12			16			21
2022-10-26 07:11:33	 4		16		 5		 4			20			12			15			20
2022-10-26 07:21:37	 5		17		 5		 6			19			12			15			20
2022-10-26 07:31:33	 5		17		 5		 6			19			12			14			19
2022-10-26 07:41:48	 6		17		 5		 7			18			12			12			20
2022-10-26 07:51:39	 6		17		 5		 7			17			12			12			18
2022-10-26 08:01:38	 6		17		 6		 7			17			12			11			16
2022-10-26 08:11:39	 7		17		 6		 8			17			12			12			14
2022-10-26 08:21:34	 7		17		 6		 9			17			12			11			15
2022-10-26 08:31:49	 8		16		 6		10			17			11			 7			15
2022-10-26 08:41:36	 9		15		 6		13			16			11			 7			16
2022-10-26 08:51:43	11		14		 6		14			16			10			 8			16
2022-10-26 09:01:48	15		13		 6		15			17			11			 7			14
2022-10-26 09:11:43	15		14		 6		17			19			11			 7			13
2022-10-26 09:21:41	15		14		 6		18			19			11			 4			13
2022-10-26 09:31:45	15		14		 6		19			19			11			 4			12
2022-10-26 09:41:40	15		15		 6		20			20			11			 4			12
2022-10-26 09:51:41	15		15		 6		22			20			10			 3			12
2022-10-26 10:01:41	15		15		 6		21			19			 9			 3			11
2022-10-26 10:11:57	15		17		 6		21			19			 9			 3			10
2022-10-26 10:21:45	15		17		 6		22			18			 9			 3			 9
2022-10-26 10:31:48	15		17		 6		23			18			 9			 3			 9
2022-10-26 10:41:43	15		17		 6		23			18			 9			 3			 9
2022-10-26 10:52:01	15		17		 7		23			18			 9			 3			 8
2022-10-26 11:01:56	15		17		 9		23			18			 9			 1			 8
2022-10-26 11:11:59	15		17		 9		23			18			 8			 2			 7
2022-10-26 11:21:57	15		17		 9		23			18			 8			 2			 7
2022-10-26 11:31:43	15		17		 9		23			18			 8			 2			 7
2022-10-26 11:41:57	15		17		 9		23			18			 8			 2			 7
2022-10-26 11:51:46	15		17		 9		24			18			 8			 1			 7
2022-10-26 12:02:05	15		18		 9		24			18			 8			 1			 6
2022-10-26 12:12:02	15		18		 9		24			18			 8			 1			 6
2022-10-26 12:21:50	15		18		 9		24			18			 8			 2			 6
2022-10-26 12:31:45	15		18		 9		24			18			 8			 2			 6
2022-10-26 12:42:01	15		18		 9		24			21			 8			 2			 6
2022-10-26 12:51:57	15		18		 9		24			20			 8			 1			 6
2022-10-26 13:02:03	15		18		 9		24			20			 8			 0			 6
2022-10-26 13:12:05	15		18		 9		24			19			 8			 0			 6
2022-10-26 13:21:58	15		18		 9		24			19			 8			 0			 6
2022-10-26 13:31:51	15		18		 9		24			19			 8			 0			 5
2022-10-26 13:41:49	23		14		 1		 9			19			27			 0			 7
2022-10-26 13:51:56	23		14		 1		 8			19			27			 0			 7
2022-10-26 14:02:11	24		14		 1		 8			19			27			 0			 7
2022-10-26 14:11:59	24		14		 1		 8			19			27			 0			 7
2022-10-26 14:21:49	24		14		 1		 7			19			27			 0			 9
2022-10-26 14:31:59	24		14		 2		 7			19			27			 0			 9
2022-10-26 14:42:06	24		14		 2		 7			19			27			 1			 9
2022-10-26 14:52:08	24		14		 2		 7			19			27			 2			 9
2022-10-26 15:02:03	23		13		 2		 7			20			27			 2			 9
2022-10-26 15:12:11	23		13		 2		 6			20			26			 1			 9
2022-10-26 15:22:07	24		14		 2		 6			20			27			 1			 9
2022-10-26 15:32:13	24		13		 2		 8			20			27			 1			 9
2022-10-26 15:41:55	24		13		 2		 9			20			27			 1			 9
2022-10-26 15:52:05	24		12		 2		 8			19			27			 0			 9
2022-10-26 16:02:07	24		12		 2		 7			20			27			 0			 9
2022-10-26 16:11:58	23		12		 2		 6			20			27			 0			 9
2022-10-26 16:22:07	24		12		 2		 8			20			27			 0			10
2022-10-26 16:32:15	24		12		 2		 9			19			26			 2			10
2022-10-26 16:41:51	24		12		 2		 8			19			27			 3			10
2022-10-26 16:52:08	24		12		 2		 8			19			27			 4			10
2022-10-26 17:01:58	24		12		 2		 9			18			27			 4			10
2022-10-26 17:12:03	22		13		 3		 7			18			27			 5			11
2022-10-26 17:22:11	23		13		 3		 8			18			27			 7			12
2022-10-26 17:32:08	22		14		 3		 9			18			26			 8			12
2022-10-26 17:42:06	22		14		 3		 8			18			26			 8			12
2022-10-26 17:51:59	22		14		 3		 8			18			26			 8			11
2022-10-26 18:02:13	22		14		 3		 6			20			26			 8			11
2022-10-26 18:12:14	20		14		 4		 6			20			27			 9			11
2022-10-26 18:22:11	22		14		 4		 5			20			26			 8			11
2022-10-26 18:32:03	22		14		 3		 5			20			26			 9			11
2022-10-26 18:42:01	22		14		 2		 6			19			25			 9			11
2022-10-26 18:52:05	22		14		 2		 4			22			26			 8			11
2022-10-26 19:02:04	23		14		 2		 3			22			26			 8			11
2022-10-26 19:12:18	24		13		 1		 3			22			26			 7			11
2022-10-26 19:22:12	24		13		 1		 3			23			27			 7			11
2022-10-26 19:32:04	24		14		 1		 3			23			27			 7			11
2022-10-26 19:42:10	24		14		 1		 3			23			27			 7			11
2022-10-26 19:52:05	24		14		 1		 3			23			27			 7			11
2022-10-26 20:02:07	24		14		 1		 4			23			27			 7			11
2022-10-26 20:12:07	24		14		 1		 3			23			27			 7			11
2022-10-26 20:22:09	24		14		 1		 3			23			27			 7			11
2022-10-26 20:32:04	24		14		 1		 3			23			26			 7			11
2022-10-26 20:42:16	24		14		 1		 2			23			26			 7			11
2022-10-26 20:52:23	24		14		 1		 3			23			26			 7			11
2022-10-26 21:02:18	23		14		 1		 3			23			26			 8			11
2022-10-26 21:12:27	23		13		 1		 3			24			27			 8			11
2022-10-26 21:22:22	23		13		 1		 3			24			27			 8			11
2022-10-26 21:32:18	24		13		 1		 3			24			27			 8			11
2022-10-26 21:42:08	23		13		 1		 3			24			27			 8			11
2022-10-26 21:52:19	23		12		 1		 4			24			27			 8			12
2022-10-26 22:02:14	23		12		 1		 2			22			27			 8			12
2022-10-26 22:12:25	23		12		 1		 2			22			27			 9			12
2022-10-26 22:22:14	23		12		 1		 2			22			27			 9			11
2022-10-26 22:32:25	22		12		 1		 2			22			27			 9			11
2022-10-26 22:42:09	22		12		 1		 2			22			27			 9			11
2022-10-26 22:52:12	22		12		 1		 2			22			27			 9			11
2022-10-26 23:02:23	22		12		 1		 2			22			27			 9			11
2022-10-26 23:12:31	22		12		 1		 2			23			27			 9			11
2022-10-26 23:22:15	22		12		 1		 1			23			27			 9			11
2022-10-26 23:32:21	22		13		 1		 1			23			27			 9			11
2022-10-26 23:42:26	22		13		 1		 1			23			27			 9			11
2022-10-26 23:52:13	22		13		 1		 1			23			27			 9			11
2022-10-27 00:02:20	22		13		 1		 1			23			27			 9			11
2022-10-27 00:12:29	22		13		 1		 1			22			27			 9			11
2022-10-27 00:22:27	22		13		 1		 1			22			27			 9			11
2022-10-27 00:32:18	22		13		 1		 1			22			27			 9			11
2022-10-27 00:42:13	22		13		 1		 1			22			27			 9			11
2022-10-27 00:52:18	22		13		 1		 1			22			27			 9			11
2022-10-27 01:02:16	22		13		 1		 1			22			27			 9			11
2022-10-27 01:12:25	22		13		 1		 1			21			27			 9			11
2022-10-27 01:22:23	22		13		 1		 1			21			27			 9			11
2022-10-27 01:32:21	22		13		 1		 1			21			27			 9			11
2022-10-27 01:42:32	22		13		 1		 1			21			27			 9			11
2022-10-27 01:52:36	22		13		 1		 1			21			27			 9			11
2022-10-27 02:02:27	22		13		 1		 1			21			27			 9			11
2022-10-27 02:12:39	22		13		 1		 1			21			27			 9			11
2022-10-27 02:22:38	22		13		 1		 1			21			27			 9			11
2022-10-27 02:32:33	22		13		 1		 1			21			27			 9			11
2022-10-27 02:42:21	22		13		 1		 1			21			27			 9			11
2022-10-27 02:52:32	22		13		 1		 1			21			27			 9			11
2022-10-27 03:02:25	22		13		 1		 1			21			27			 9			11
2022-10-27 03:12:39	22		13		 1		 1			21			27			 9			11
2022-10-27 03:22:38	22		13		 1		 1			21			27			 9			11
2022-10-27 03:32:27	22		13		 1		 1			21			27			 9			11
2022-10-27 03:42:40	22		13		 1		 1			21			27			 9			11
2022-10-27 03:52:39	22		13		 1		 1			21			27			 9			11
2022-10-27 04:02:37	22		13		 1		 1			21			27			 9			11
2022-10-27 04:12:27	22		13		 1		 1			21			27			 9			11
2022-10-27 04:22:36	22		13		 1		 1			21			27			 9			11
2022-10-27 04:32:34	22		13		 1		 1			21			27			 9			11
2022-10-27 04:42:43	22		13		 1		 1			21			27			 9			11
2022-10-27 04:52:39	22		13		 1		 1			21			27			 9			11
2022-10-27 05:02:36	22		13		 1		 1			21			27			 9			11
2022-10-27 05:12:44	22		13		 1		 1			21			27			 9			11
2022-10-27 05:22:36	23		13		 1		 1			21			27			 9			11
2022-10-27 05:32:41	23		13		 1		 1			21			27			 9			11
2022-10-27 05:42:42	23		13		 1		 1			21			27			 9			11
2022-10-27 05:52:32	23		13		 1		 1			21			27			 9			11
2022-10-27 06:02:46	23		13		 1		 1			21			27			 9			11
2022-10-27 06:12:38	23		13		 1		 3			21			27			 9			11
2022-10-27 06:22:35	23		13		 1		 3			21			27			 9			11
2022-10-27 06:32:30	23		13		 1		 3			21			27			 9			11
2022-10-27 06:42:41	23		13		 1		 3			22			27			 9			10
2022-10-27 06:52:44	22		13		 0		 4			24			27			 9			10
2022-10-27 07:02:49	22		13		 0		 4			24			26			 9			10
2022-10-27 07:12:34	22		13		 0		 4			23			26			 8			 9
2022-10-27 07:22:28	22		13		 0		 4			23			26			 5			 9
2022-10-27 07:32:38	23		13		 0		 4			23			26			 4			 9
2022-10-27 07:42:31	24		14		 0		 4			24			26			 0			 7
2022-10-27 07:52:41	24		14		 0		 5			24			27			 0			 7
2022-10-27 08:02:33	24		14		 0		 8			24			27			 0			 7
2022-10-27 08:12:46	24		14		 0		 8			24			27			 0			 7
2022-10-27 08:22:37	23		14		 0		 8			24			27			 0			 7
2022-10-27 08:32:47	23		14		 0		 9			24			26			 0			 6
2022-10-27 08:42:36	24		13		 0		 8			23			26			 0			 4
2022-10-27 08:52:36	24		13		 0		 9			24			27			 0			 2
2022-10-27 09:02:31	24		14		 0		 8			24			27			 0			 1
2022-10-27 09:12:40	24		14		 0		 7			24			27			 1			 1
2022-10-27 09:22:42	24		14		 1		 8			24			27			 1			 0
2022-10-27 09:32:37	24		14		 1		 8			24			27			 1			 0
2022-10-27 09:42:38	24		14		 1		 8			24			26			 0			 0
2022-10-27 09:52:51	24		14		 1		 9			23			26			 0			 0
2022-10-27 10:02:41	24		14		 1		 9			23			27			 0			 0
2022-10-27 10:12:35	24		14		 1		 8			24			27			 0			 0
2022-10-27 10:22:51	24		14		 1		 9			24			27			 0			 0
2022-10-27 10:32:41	24		14		 1		 9			24			27			 0			 0
2022-10-27 10:42:41	24		14		 1		 9			24			27			 0			 0
2022-10-27 10:52:54	24		14		 1		 9			24			27			 0			 0
2022-10-27 11:02:56	24		14		 0		 9			24			27			 0			 0
2022-10-27 11:12:41	24		15		 0		 9			24			27			 1			 0
2022-10-27 11:22:38	24		15		 0		 9			24			27			 1			 0
2022-10-27 11:32:55	24		14		 0		 9			24			27			 1			 1
2022-10-27 11:42:41	24		14		 0		 9			24			27			 1			 0
2022-10-27 11:52:43	24		14		 0		 9			24			27			 1			 0
2022-10-27 12:02:53	24		14		 0		 9			24			27			 1			 0
2022-10-27 12:12:51	24		15		 0		 9			24			27			 1			 0
2022-10-27 12:22:47	24		15		 0		 9			24			27			 1			 1
2022-10-27 12:32:54	24		15		 0		 9			24			27			 1			 1
2022-10-27 12:42:57	24		15		 0		 9			24			27			 1			 1
2022-10-27 12:52:45	12		12		 0		12			17			19			 1			14
2022-10-27 13:02:49	12		10		 0		12			17			19			 1			13
2022-10-27 13:13:02	12		 9		 0		12			17			19			 1			13
2022-10-27 13:22:42	12		 9		 0		12			18			19			 2			13
2022-10-27 13:32:52	12		11		 0		12			18			19			 2			13
2022-10-27 13:43:01	12		11		 0		12			18			19			 2			13
2022-10-27 13:52:48	12		11		 0		12			18			19			 3			13
2022-10-27 14:02:57	12		10		 0		12			18			19			 3			11
2022-10-27 14:13:03	12		10		 0		12			18			19			 3			11
2022-10-27 14:22:55	12		10		 0		12			18			19			 3			11
2022-10-27 14:32:54	12		10		 0		12			18			19			 2			10
2022-10-27 14:42:58	12		10		 0		12			18			21			 2			23
2022-10-27 14:52:53	12		10		 0		12			18			21			 4			26
2022-10-27 15:03:05	12		10		 0		12			18			21			 4			26
2022-10-27 15:12:53	12		11		 0		12			18			21			 4			26
2022-10-27 15:22:59	12		11		 0		12			18			21			 5			25
2022-10-27 15:33:03	12		11		 0		12			18			21			 5			25
2022-10-27 15:42:54	12		11		 0		12			18			21			 5			25
2022-10-27 15:52:52	12		11		 0		11			18			21			 5			26
2022-10-27 16:02:52	12		11		 0		11			18			21			 5			26
2022-10-27 16:13:02	12		11		 0		12			18			21			 5			26
2022-10-27 16:23:05	12		10		 0		12			17			21			 6			26
2022-10-27 16:33:07	12		11		 0		11			17			21			 6			25
2022-10-27 16:43:04	12		11		 0		11			16			21			 6			25
2022-10-27 16:53:01	12		11		 0		 9			16			21			 6			25
2022-10-27 17:02:56	12		11		 0		 9			16			21			 6			23
2022-10-27 17:13:10	12		10		 0		 8			17			21			 5			24
2022-10-27 17:22:58	12		 9		 0		 9			17			21			 5			25
2022-10-27 17:32:56	12		 8		 1		 9			17			21			 7			26
2022-10-27 17:42:56	12		 6		 1		 8			18			20			 7			26
2022-10-27 17:53:08	12		 6		 1		 8			18			20			 8			25
2022-10-27 18:02:58	12		 6		 1		 6			18			20			 7			25
2022-10-27 18:13:06	12		 5		 1		 5			17			21			 6			25
2022-10-27 18:23:12	12		 6		 1		 5			18			21			 6			25
2022-10-27 18:33:12	12		 5		 1		 5			18			21			 6			25
2022-10-27 18:43:02	12		 6		 1		 5			18			21			 6			26
2022-10-27 18:52:59	12		 4		 1		 5			18			21			 4			26
2022-10-27 19:02:53	12		 4		 1		 5			17			21			 4			23
2022-10-27 19:13:06	12		 4		 1		 5			17			21			 4			23
2022-10-27 19:23:13	12		 5		 1		 4			16			21			 1			24
2022-10-27 19:33:04	12		 5		 1		 4			16			21			 1			23
2022-10-27 19:43:05	12		 5		 1		 4			16			21			 1			23
2022-10-27 19:53:02	10		 4		 1		 4			16			21			 1			23
2022-10-27 20:03:18	10		 4		 0		 4			16			21			 1			23
2022-10-27 20:13:13	10		 4		 0		 5			16			21			 1			23
2022-10-27 20:23:05	10		 4		 0		 5			16			21			 1			23
2022-10-27 20:33:01	10		 4		 0		 5			16			21			 1			23
2022-10-27 20:43:12	10		 4		 0		 4			17			21			 1			23
2022-10-27 20:53:03	10		 4		 0		 3			17			21			 1			23
2022-10-27 21:03:05	10		 3		 0		 1			17			21			 2			23
2022-10-27 21:13:13	10		 3		 0		 1			16			21			 2			23
2022-10-27 21:23:10	11		 3		 0		 1			16			21			 2			23
2022-10-27 21:33:17	11		 3		 0		 1			16			21			 3			23
2022-10-27 21:43:18	12		 3		 0		 0			16			21			 3			23
2022-10-27 21:53:15	12		 3		 0		 0			16			21			 1			23
2022-10-27 22:03:07	12		 3		 0		 0			16			21			 2			23
2022-10-27 22:13:05	12		 3		 0		 0			16			21			 2			23
2022-10-27 22:23:19	12		 2		 0		 0			18			21			 2			23
2022-10-27 22:33:17	12		 0		 0		 0			18			21			 2			24
2022-10-27 22:43:12	12		 0		 0		 0			18			21			 2			25
2022-10-27 22:53:06	12		 0		 0		 0			18			21			 2			25
2022-10-27 23:03:05	12		 0		 0		 0			18			21			 2			26
2022-10-27 23:13:19	12		 0		 0		 0			18			21			 2			26
2022-10-27 23:23:14	12		 0		 0		 0			18			21			 2			26
2022-10-27 23:33:10	12		 0		 0		 0			18			20			 2			26
2022-10-27 23:43:12	12		 0		 0		 0			18			20			 2			26
2022-10-27 23:53:11	12		 0		 0		 0			18			20			 2			26
2022-10-28 00:03:05	12		 0		 0		 0			18			20			 2			26
2022-10-28 00:13:14	12		 0		 0		 0			18			20			 2			26
2022-10-28 00:23:21	12		 0		 0		 0			18			20			 2			26
2022-10-28 00:33:07	12		 0		 0		 0			18			20			 2			26
2022-10-28 00:43:18	12		 0		 0		 0			18			20			 2			26
2022-10-28 00:53:08	12		 0		 0		 0			18			20			 2			26
2022-10-28 01:03:16	12		 0		 0		 1			18			20			 2			26
2022-10-28 01:13:23	12		 0		 0		 1			18			20			 2			26
2022-10-28 01:23:30	12		 0		 0		 1			18			20			 2			26
2022-10-28 01:33:22	12		 0		 0		 1			18			20			 2			26
2022-10-28 01:43:21	12		 0		 0		 1			18			20			 2			26
2022-10-28 01:53:20	12		 0		 0		 1			18			20			 2			26
2022-10-28 02:03:28	12		 0		 0		 1			18			20			 2			26
2022-10-28 02:13:14	12		 0		 0		 1			18			20			 2			26
2022-10-28 02:23:27	12		 0		 0		 1			18			20			 2			26
2022-10-28 02:33:14	12		 0		 0		 1			18			20			 2			26
2022-10-28 02:43:12	12		 0		 0		 1			18			20			 2			26
2022-10-28 02:53:21	12		 0		 0		 1			18			20			 2			26
2022-10-28 03:03:27	12		 0		 0		 1			18			20			 2			26
2022-10-28 03:13:21	12		 0		 0		 1			18			20			 2			26
2022-10-28 03:23:28	12		 0		 0		 1			18			20			 2			26
2022-10-28 03:33:15	12		 0		 0		 1			18			20			 2			26
2022-10-28 03:43:19	12		 0		 0		 1			18			20			 2			26
2022-10-28 03:53:22	12		 0		 0		 1			18			20			 2			26
2022-10-28 04:03:18	12		 0		 0		 1			18			20			 2			26
2022-10-28 04:13:21	12		 0		 0		 1			18			20			 2			26
2022-10-28 04:23:29	12		 0		 0		 1			18			20			 2			26
2022-10-28 04:33:19	12		 0		 0		 1			18			20			 2			26
2022-10-28 04:43:19	12		 0		 0		 1			18			20			 2			26
2022-10-28 04:53:28	12		 0		 0		 1			18			20			 2			26
2022-10-28 05:03:22	12		 0		 0		 1			18			20			 2			26
2022-10-28 05:13:25	12		 0		 0		 1			18			20			 2			26
2022-10-28 05:23:30	12		 0		 0		 1			18			20			 2			26
2022-10-28 05:33:32	12		 0		 0		 1			18			20			 2			26
2022-10-28 05:43:23	12		 0		 0		 1			18			20			 2			26
2022-10-28 05:53:35	12		 0		 0		 1			18			20			 2			26
2022-10-28 06:03:29	12		 0		 0		 1			18			20			 2			26
2022-10-28 06:13:36	12		 0		 0		 1			18			20			 3			26
2022-10-28 06:23:36	12		10		 0		 1			18			20			 3			26
2022-10-28 06:33:23	12		20		 0		 2			18			20			 2			26
2022-10-28 06:43:26	12		20		 0		 2			18			20			 1			26
2022-10-28 06:53:37	12		20		 0		 3			18			20			 0			26
2022-10-28 07:03:25	12		20		 0		 3			18			20			 0			26
2022-10-28 07:13:28	12		20		 0		 3			18			20			 0			26
2022-10-28 07:23:16	12		20		 0		 3			18			20			 0			26
2022-10-28 07:33:26	12		18		 0		 4			18			19			 0			24
2022-10-28 07:43:25	12		16		 0		 6			18			19			 0			23
2022-10-28 07:53:23	12		16		 0		 6			18			19			 0			22
2022-10-28 08:03:40	12		16		 0		 6			18			19			 0			20
2022-10-28 08:13:36	12		12		 0		 6			18			19			 1			20
2022-10-28 08:23:31	12		12		 0		 7			18			19			 1			16
2022-10-28 08:33:40	12		10		 0		 8			18			19			 0			16
2022-10-28 08:43:41	12		 9		 0		10			18			19			 0			15
2022-10-28 08:53:37	12		 7		 0		12			18			20			 0			11
2022-10-28 09:03:41	12		 6		 0		12			18			20			 1			11
2022-10-28 09:13:47	12		 7		 0		12			18			20			 1			10
2022-10-28 09:23:10	24		15		 3		 9			23			27			 1			12
2022-10-28 09:33:38	24		15		 3		 9			23			26			 0			11
2022-10-28 09:43:39	24		15		 3		 9			24			26			 0			11
2022-10-28 09:53:36	24		15		 3		 9			24			27			 0			10
2022-10-28 10:03:49	24		15		 3		10			24			26			 0			10
2022-10-28 10:13:43	24		15		 3		10			24			27			 0			10
2022-10-28 10:23:38	24		15		 3		10			24			27			 0			11
2022-10-28 10:33:31	24		15		 3		10			24			27			 0			11
2022-10-28 10:43:46	24		15		 3		10			24			27			 0			11
2022-10-28 10:53:39	24		15		 3		10			24			27			 0			11
2022-10-28 11:03:34	24		15		 3		10			24			27			 0			11
2022-10-28 11:13:36	24		15		 3		10			24			27			 1			11
2022-10-28 11:23:44	24		15		 3		10			24			27			 1			11
2022-10-28 11:33:52	24		15		 3		10			24			26			 1			12
2022-10-28 11:43:41	24		15		 3		10			24			27			 1			12
2022-10-28 11:53:41	24		15		 2		10			24			27			 1			11
2022-10-28 12:03:37	24		15		 2		10			24			27			 1			11
