#Timestamps             Stensparken     Pilestredet     Thereses gate   Bislett Stadion     Henrik Ibsens gate      Sørvest for Slottsparken    7. juni-plassen     Saga Kino
2022-10-19 10:36:26	 0		 0		 0		 0			 8			 2			 3			25
2022-10-19 10:41:24	 0		 0		 0		 0			 8			 2			 3			25
2022-10-19 10:46:21	 0		 0		 0		 0			 8			 2			 3			25
2022-10-19 10:51:34	 0		 0		 0		 0			 8			 2			 3			24
2022-10-19 10:56:33	 0		 0		 0		 0			 8			 2			 4			24
2022-10-19 11:01:40	 0		 0		 0		 0			 8			 2			 4			23
2022-10-19 11:06:21	 0		 0		 0		 0			 8			 2			 4			22
2022-10-19 11:11:25	 0		 0		 0		 0			 8			 2			 4			22
2022-10-19 11:16:29	 0		 0		 0		 0			 8			 2			 4			22
2022-10-19 11:21:32	 0		 0		 0		 0			 7			 2			 3			22
2022-10-19 11:26:41	 0		 0		 0		 0			 7			 2			 3			22
2022-10-19 11:31:38	 0		 0		 0		 0			 8			 2			 3			22
2022-10-19 11:36:36	 0		 0		 0		 0			 8			 2			 3			22
2022-10-19 11:41:42	 0		 0		 0		 0			 8			 3			 3			23
2022-10-19 11:46:43	 0		 0		 0		 0			 8			 3			 3			23
2022-10-19 11:51:42	 0		 0		 0		 0			 8			 3			 3			23
2022-10-19 11:56:44	 0		 0		 0		 0			 8			 4			 3			23
2022-10-19 12:01:43	 0		 0		 0		 0			 8			 4			 3			22
2022-10-19 12:06:42	 0		 0		 0		 0			 8			 4			 3			21
2022-10-19 12:11:30	 0		 0		 0		 1			 8			 4			 3			23
2022-10-19 12:16:37	 1		 0		 0		 1			 8			 4			 3			23
2022-10-19 12:21:28	 1		 0		 0		 1			 9			 4			 3			23
2022-10-19 12:26:37	 1		 0		 0		 1			 9			 3			 3			24
2022-10-19 12:31:45	 1		 0		 0		 1			 9			 3			 4			24
2022-10-19 12:36:48	 0		 0		 0		 1			 8			 3			 4			23
2022-10-19 12:41:30	 0		 0		 0		 1			 8			 3			 4			23
2022-10-19 12:46:37	 0		 0		 0		 0			 8			 3			 4			24
2022-10-19 12:51:37	 0		 0		 0		 0			 8			 3			 4			24
2022-10-19 12:56:41	 0		 0		 0		 0			 6			 3			 4			24
2022-10-19 13:01:44	 0		 0		 0		 0			 6			 3			 4			25
2022-10-19 13:06:50	 0		 0		 0		 0			 6			 3			 4			25
2022-10-19 13:11:35	 1		 0		 0		 0			 6			 3			 4			25
2022-10-19 13:16:50	 1		 0		 0		 0			 5			 3			 4			25
2022-10-19 13:21:50	 1		 0		 0		 0			 5			 3			 4			25
2022-10-19 13:26:32	 1		 0		 0		 0			 5			 3			 4			25
2022-10-19 13:31:34	 1		 0		 0		 0			 5			 3			 4			25
2022-10-19 13:36:48	 1		 0		 0		 0			 5			 3			 4			25
2022-10-19 13:41:53	 2		 0		 0		10			 6			 3			 4			25
2022-10-19 13:46:33	 2		 0		 0		17			 6			 5			 4			23
2022-10-19 13:51:36	 2		 0		 0		17			 6			 5			 5			23
2022-10-19 13:56:43	 2		 0		 0		16			 6			 5			 4			23
2022-10-19 14:01:54	 2		 0		 0		16			 6			 4			 5			23
2022-10-19 14:06:35	 2		 0		 0		16			 6			 4			 5			23
2022-10-19 14:11:46	 2		 1		 0		17			 5			 4			 5			23
2022-10-19 14:16:36	 2		 0		 0		17			 5			 4			 5			22
2022-10-19 14:21:50	 3		 0		 0		17			 5			 4			 5			22
2022-10-19 14:26:40	 0		 1		 0		17			 5			 4			 5			22
2022-10-19 14:31:48	 0		 2		 0		17			 5			 4			 7			22
2022-10-19 14:36:56	 1		 2		 0		17			 5			 4			 7			23
2022-10-19 14:41:38	 1		 1		 0		17			 5			 4			 6			22
2022-10-19 14:46:46	 1		 1		 0		16			 5			 4			 6			22
2022-10-19 14:51:35	 1		 1		 0		16			 6			 4			 6			22
2022-10-19 14:56:44	 1		 1		 0		16			 6			 4			 6			21
2022-10-19 15:01:48	 1		 1		 0		16			 6			 4			 5			21
2022-10-19 15:06:58	 1		 1		 0		18			 6			 4			 5			21
2022-10-19 15:11:41	 2		 1		 0		19			 6			 4			 5			20
2022-10-19 15:16:54	 2		 1		 0		20			 7			 4			 5			20
2022-10-19 15:21:47	 2		 1		 0		20			 7			 4			 5			21
2022-10-19 15:26:50	 2		 1		 0		20			 7			 4			 5			20
2022-10-19 15:31:59	 1		 1		 0		20			 7			 4			 5			19
2022-10-19 15:36:47	 1		 1		 0		19			 7			 4			 5			19
2022-10-19 15:41:49	 0		 1		 0		18			 7			 4			 5			19
2022-10-19 15:46:54	 0		 1		 0		18			 6			 4			 4			19
2022-10-19 15:51:59	 1		 1		 0		19			 5			 4			 4			18
2022-10-19 15:56:44	 2		 2		 0		19			 5			 4			 4			18
2022-10-19 16:02:03	 2		 2		 0		19			 6			 4			 3			19
2022-10-19 16:06:50	 2		 2		 0		19			 5			 4			 3			19
2022-10-19 16:11:58	 2		 2		 0		19			 5			 3			 2			19
2022-10-19 16:16:52	 2		 2		 0		19			 5			 1			 2			16
2022-10-19 16:21:55	 1		 2		 0		19			 4			 1			 1			14
2022-10-19 16:26:59	 2		 2		 0		19			 4			 1			 4			14
2022-10-19 16:31:51	 2		 2		 0		20			 5			 1			 4			15
2022-10-19 16:37:02	 2		 2		 0		19			 4			 1			 4			17
2022-10-19 16:42:05	 2		 1		 0		19			 2			 1			 2			17
2022-10-19 16:46:54	 2		 1		 0		18			 2			 1			 2			17
2022-10-19 16:51:54	 3		 2		 0		18			 2			 1			 2			17
2022-10-19 16:57:06	 4		 3		 0		18			 4			 1			 2			17
2022-10-19 17:02:08	 2		 2		 0		19			 4			 1			 3			17
2022-10-19 17:06:51	 2		 2		 1		19			 4			 1			 3			18
2022-10-19 17:11:55	 0		 2		 1		20			 3			 0			 3			18
2022-10-19 17:16:50	 0		 2		 1		19			 3			 0			 1			18
2022-10-19 17:21:57	 0		 2		 1		19			 3			 0			 0			18
2022-10-19 17:26:51	 1		 2		 1		20			 3			 0			 0			17
2022-10-19 17:32:08	 1		 2		 1		20			 3			 0			 0			17
2022-10-19 17:36:51	 1		 0		 1		20			 3			 0			 0			18
2022-10-19 17:41:56	 3		 0		 1		21			 4			 0			 0			17
2022-10-19 17:46:59	 3		 0		 1		21			 4			 0			 0			17
2022-10-19 17:51:49	 3		 0		 1		21			 3			 0			 0			17
2022-10-19 17:56:58	 4		 0		 1		21			 3			 0			 0			16
2022-10-19 18:02:07	 4		 0		 2		21			 2			 0			 0			16
2022-10-19 18:06:53	 4		 0		 2		19			 2			 0			 2			16
2022-10-19 18:12:07	 4		 0		 2		19			 2			 0			 2			16
2022-10-19 18:16:57	 4		 0		 2		18			 2			 0			 2			16
2022-10-19 18:22:08	 3		 0		 2		18			 2			 0			 2			16
2022-10-19 18:27:01	 3		 0		 2		18			 2			 0			 2			15
2022-10-19 18:31:54	 3		 0		 2		17			 2			 0			 1			16
2022-10-19 18:36:59	 3		 0		 2		17			 2			 0			 2			16
2022-10-19 18:42:08	 4		 0		 2		17			 2			 0			 3			16
2022-10-19 18:47:09	 4		 0		 2		19			 2			 0			 4			16
2022-10-19 18:51:55	 4		 0		 2		18			 3			 0			 5			16
2022-10-19 18:57:07	 5		 0		 2		18			 5			 0			 5			15
2022-10-19 19:02:14	 5		 0		 2		17			 5			 0			 5			15
2022-10-19 19:07:00	 5		 0		 2		17			 7			 0			 5			16
2022-10-19 19:12:14	 5		 0		 2		16			 6			 0			 5			16
2022-10-19 19:16:59	 5		 0		 2		16			 6			 0			 6			15
2022-10-19 19:22:01	 5		 0		 2		16			 6			 0			 6			14
2022-10-19 19:27:15	 5		 0		 2		16			 6			 0			 6			16
2022-10-19 19:32:03	 5		 0		 2		16			 6			 0			 6			17
2022-10-19 19:37:13	 5		 0		 2		17			 5			 0			 5			17
2022-10-19 19:42:12	 4		 0		 2		17			 5			 0			 5			18
2022-10-19 19:47:12	 4		 0		 2		16			 5			 0			 6			18
2022-10-19 19:52:17	 4		 0		 2		15			 5			 0			 6			18
2022-10-19 19:57:20	 4		 0		 2		14			 5			 0			 6			18
2022-10-19 20:02:03	 4		 0		 2		14			 5			 0			 6			18
2022-10-19 20:07:05	 4		 0		 2		14			 7			 0			 6			18
2022-10-19 20:12:08	 4		 0		 2		14			 7			 0			 6			18
2022-10-19 20:17:18	 4		 0		 2		14			 7			 0			 6			18
2022-10-19 20:22:14	 4		 0		 2		15			 7			 0			 6			18
2022-10-19 20:27:20	 4		 0		 2		15			 7			 0			 6			18
2022-10-19 20:32:21	 4		 0		 2		16			 7			 0			 6			18
2022-10-19 20:37:21	 4		 0		 2		16			 7			 0			 6			18
2022-10-19 20:42:09	 4		 0		 2		16			 7			 0			 6			18
2022-10-19 20:47:11	 4		 0		 2		16			 7			 0			 6			18
2022-10-19 20:52:13	 4		 0		 2		17			 7			 0			 6			18
2022-10-19 20:57:11	 4		 0		 2		17			 8			 0			 6			18
2022-10-19 21:02:18	 4		 0		 2		16			 8			 0			 5			18
2022-10-19 21:07:20	 4		 0		 2		16			 9			 0			 5			17
2022-10-19 21:12:23	 4		 0		 2		16			10			 0			 4			17
2022-10-19 21:17:22	 4		 0		 2		15			10			 0			 3			19
2022-10-19 21:22:21	 3		 0		 2		13			10			 0			 3			19
2022-10-19 21:27:24	 3		 0		 2		13			10			 0			 3			19
2022-10-19 21:32:26	 3		 0		 2		13			10			 0			 3			18
2022-10-19 21:37:23	 3		 0		 2		12			10			 0			 3			18
2022-10-19 21:42:17	 3		 0		 2		12			10			 0			 3			17
2022-10-19 21:47:15	 3		 0		 2		13			10			 0			 3			17
2022-10-19 21:52:14	 3		 0		 2		12			10			 0			 3			17
2022-10-19 21:57:19	 2		 0		 2		12			10			 0			 2			17
2022-10-19 22:02:15	 2		 0		 2		10			11			 0			 2			16
2022-10-19 22:07:19	 3		 0		 2		10			12			 0			 2			16
2022-10-19 22:12:16	 3		 0		 2		10			12			 0			 2			15
2022-10-19 22:17:32	 4		 0		 2		10			12			 0			 2			15
2022-10-19 22:22:14	 4		 0		 2		11			12			 0			 2			14
2022-10-19 22:27:30	 5		 0		 2		11			12			 0			 2			14
2022-10-19 22:32:25	 3		 0		 2		11			12			 0			 2			14
2022-10-19 22:37:23	 3		 0		 2		11			12			 0			 3			14
2022-10-19 22:42:20	 3		 0		 2		11			12			 0			 3			14
2022-10-19 22:47:15	 3		 0		 2		11			12			 0			 3			14
2022-10-19 22:52:32	 3		 0		 2		10			12			 0			 3			14
2022-10-19 22:57:32	 3		 0		 2		10			11			 0			 3			13
2022-10-19 23:02:35	 3		 0		 2		10			11			 0			 3			13
2022-10-19 23:07:28	 3		 0		 2		10			11			 0			 3			13
2022-10-19 23:12:29	 3		 0		 2		10			11			 0			 3			13
2022-10-19 23:17:21	 3		 0		 2		10			11			 0			 3			13
2022-10-19 23:22:39	 3		 0		 2		10			11			 0			 3			13
2022-10-19 23:27:33	 3		 0		 2		10			11			 0			 2			13
2022-10-19 23:32:36	 3		 0		 2		10			11			 0			 1			13
2022-10-19 23:37:27	 4		 0		 2		10			11			 0			 1			11
2022-10-19 23:42:23	 4		 0		 2		10			11			 0			 0			11
2022-10-19 23:47:39	 4		 0		 2		10			11			 0			 0			11
2022-10-19 23:52:40	 3		 0		 2		10			11			 0			 0			11
2022-10-19 23:57:40	 3		 0		 2		10			10			 0			 0			11
2022-10-20 00:02:24	 3		 0		 2		10			 9			 0			 0			11
2022-10-20 00:07:21	 3		 0		 2		10			 9			 0			 0			10
2022-10-20 00:12:38	 3		 0		 2		10			 9			 0			 0			10
2022-10-20 00:17:30	 3		 0		 2		10			 9			 0			 1			 9
2022-10-20 00:22:26	 3		 0		 2		10			 9			 0			 1			 9
2022-10-20 00:27:41	 3		 0		 2		10			 9			 0			 1			 9
2022-10-20 00:32:37	 3		 0		 2		10			 9			 0			 1			 9
2022-10-20 00:37:32	 3		 0		 2		10			 9			 0			 1			 9
2022-10-20 00:42:45	 3		 0		 2		10			 9			 0			 1			 9
2022-10-20 00:47:31	 3		 0		 2		10			 9			 0			 1			 9
2022-10-20 00:52:39	 3		 0		 2		10			 9			 0			 1			 9
2022-10-20 00:57:27	 3		 0		 2		10			 8			 0			 1			 9
2022-10-20 01:02:37	 3		 0		 2		10			 8			 0			 1			 9
2022-10-20 01:07:45	 3		 0		 2		10			 8			 0			 1			 9
2022-10-20 01:12:33	 3		 0		 2		10			 8			 0			 1			 9
2022-10-20 01:17:40	 3		 0		 2		10			 8			 0			 1			 9
2022-10-20 01:22:29	 3		 0		 2		10			 8			 0			 1			 9
2022-10-20 01:27:39	 3		 0		 2		10			 8			 0			 1			 9
2022-10-20 01:32:29	 3		 0		 2		10			 8			 0			 1			 9
2022-10-20 01:37:38	 3		 0		 2		10			 8			 0			 1			 9
2022-10-20 01:42:44	 3		 0		 2		10			 8			 0			 1			 9
2022-10-20 01:47:47	 3		 0		 2		10			 8			 0			 1			 9
2022-10-20 01:52:35	 3		 0		 2		10			 8			 0			 1			 9
2022-10-20 01:57:41	 3		 0		 2		10			 8			 0			 1			 9
2022-10-20 02:02:31	 3		 0		 2		10			 8			 0			 1			 9
2022-10-20 02:07:37	 3		 0		 2		10			 8			 0			 1			 9
2022-10-20 02:12:42	 3		 0		 2		10			 8			 0			 1			 9
2022-10-20 02:17:49	 3		 0		 2		10			 8			 0			 1			 9
2022-10-20 02:22:36	 3		 0		 2		10			 8			 0			 1			 9
2022-10-20 02:27:42	 3		 0		 2		10			 8			 0			 1			 9
2022-10-20 02:32:49	 3		 0		 2		10			 8			 0			 1			 9
2022-10-20 02:37:33	 3		 0		 2		10			 8			 0			 1			 9
2022-10-20 02:42:39	 3		 0		 2		10			 8			 0			 1			 9
2022-10-20 02:47:45	 3		 0		 2		10			 8			 0			 1			 9
2022-10-20 02:52:52	 3		 0		 2		10			 8			 0			 1			 9
2022-10-20 02:57:39	 3		 0		 2		10			 8			 0			 1			 9
2022-10-20 03:02:54	 3		 0		 2		10			 8			 0			 1			 9
2022-10-20 03:07:39	 3		 0		 2		10			 8			 0			 1			 9
2022-10-20 03:12:44	 3		 0		 2		10			 8			 0			 1			 9
2022-10-20 03:17:50	 3		 0		 2		10			 8			 0			 1			 9
2022-10-20 03:22:38	 3		 0		 2		10			 8			 0			 1			 9
2022-10-20 03:27:44	 3		 0		 2		10			 8			 0			 1			 9
2022-10-20 03:32:53	 3		 0		 2		10			 8			 0			 1			 9
2022-10-20 03:37:56	 3		 0		 2		10			 8			 0			 1			 9
2022-10-20 03:42:41	 3		 0		 2		10			 8			 0			 1			 9
2022-10-20 03:47:47	 3		 0		 2		10			 8			 0			 1			 9
2022-10-20 03:52:52	 3		 0		 2		10			 8			 0			 1			 9
2022-10-20 03:57:43	 3		 0		 2		10			 8			 0			 1			 9
2022-10-20 04:02:53	 3		 0		 2		10			 8			 0			 1			 9
2022-10-20 04:07:40	 3		 0		 2		10			 8			 0			 1			 9
2022-10-20 04:12:48	 3		 0		 2		10			 8			 0			 1			 9
2022-10-20 04:17:55	 3		 0		 2		10			 8			 0			 1			 9
2022-10-20 04:22:42	 3		 0		 2		10			 8			 0			 1			 9
2022-10-20 04:27:47	 3		 0		 2		10			 8			 0			 1			 9
2022-10-20 04:32:56	 3		 0		 2		10			 8			 0			 1			 9
2022-10-20 04:37:45	 3		 0		 2		10			 8			 0			 1			 9
2022-10-20 04:42:54	 3		 0		 2		10			 8			 0			 1			 9
2022-10-20 04:48:00	 3		 0		 2		10			 8			 0			 1			 9
2022-10-20 04:52:47	 3		 0		 2		10			 8			 0			 1			 9
2022-10-20 04:57:55	 3		 0		 2		10			 8			 0			 1			 9
2022-10-20 05:02:55	 3		 0		 2		10			 8			 0			 1			 9
2022-10-20 05:08:02	 3		 0		 2		10			 8			 0			 1			 9
2022-10-20 05:12:48	 3		 0		 2		10			 8			 0			 1			 9
2022-10-20 05:17:55	 3		 0		 2		10			 8			 0			 1			 9
2022-10-20 05:23:03	 3		 0		 2		10			 8			 0			 1			 9
2022-10-20 05:27:50	 3		 0		 2		10			 8			 0			 1			 9
2022-10-20 05:33:01	 3		 0		 2		10			 8			 0			 1			 9
2022-10-20 05:37:48	 3		 0		 2		 9			 8			 0			 1			 9
2022-10-20 05:42:56	 3		 0		 2		 9			 8			 0			 2			 9
2022-10-20 05:48:03	 3		 0		 2		 9			 9			 0			 3			 9
2022-10-20 05:52:49	 3		 0		 2		 9			 9			 0			 3			 9
2022-10-20 05:57:58	 3		 0		 2		 9			 9			 0			 3			 9
2022-10-20 06:03:00	 3		 0		 2		 9			 9			 0			 3			 9
2022-10-20 06:07:54	 3		 0		 2		 9			 9			 0			 3			 9
2022-10-20 06:13:06	 3		 0		 2		 8			 9			 0			 4			 9
2022-10-20 06:18:07	 3		 0		 2		 8			10			 0			 4			 9
2022-10-20 06:23:03	 3		 0		 2		 8			10			 0			 4			 9
2022-10-20 06:28:00	 3		 0		 2		 8			10			 0			 5			 9
2022-10-20 06:32:58	 3		 0		 2		 8			10			 0			 6			 9
2022-10-20 06:38:00	 3		 0		 2		 8			10			 0			 6			 9
2022-10-20 06:43:06	 3		 0		 2		 8			10			 0			 7			 9
2022-10-20 06:48:06	 3		 0		 2		 8			10			 0			 7			 9
2022-10-20 06:52:49	 3		 0		 2		 8			11			 0			 7			 9
2022-10-20 06:57:54	 3		 0		 2		 8			11			 0			 7			 9
2022-10-20 07:02:57	 3		 0		 2		 6			10			 0			 8			 9
2022-10-20 07:08:02	 3		 0		 2		 4			 9			 0			 9			 9
2022-10-20 07:13:01	 3		 0		 2		 3			 9			 0			 9			 9
2022-10-20 07:18:09	 2		 0		 2		 3			10			 0			 9			 9
2022-10-20 07:22:59	 2		 0		 2		 3			10			 0			10			 9
2022-10-20 07:28:03	 2		 0		 2		 3			11			 0			10			 8
2022-10-20 07:33:04	 1		 0		 2		 1			12			 0			11			 8
2022-10-20 07:38:00	 0		 0		 2		 1			12			 0			11			 8
2022-10-20 07:43:06	 0		 0		 2		 0			12			 0			11			 7
2022-10-20 07:47:50	 0		 0		 2		 0			11			 0			11			 8
2022-10-20 07:53:12	 0		 0		 2		 0			10			 0			11			10
2022-10-20 07:57:56	 0		 0		 2		 1			10			 0			12			10
2022-10-20 08:03:14	 0		 0		 1		 1			 8			 0			13			12
2022-10-20 08:08:01	 1		 0		 1		 1			 8			 0			14			12
2022-10-20 08:13:05	 1		 0		 1		 1			 7			 0			16			11
2022-10-20 08:18:12	 0		 0		 1		 1			 5			 0			16			11
2022-10-20 08:23:08	 0		 0		 0		 0			 4			 0			15			10
2022-10-20 08:27:51	 0		 0		 0		 0			 4			 1			16			10
2022-10-20 08:32:56	 0		 0		 0		 1			 4			 1			17			10
2022-10-20 08:38:05	 0		 0		 0		 1			 2			 1			17			 9
2022-10-20 08:42:59	 0		 0		 0		 0			 1			 1			17			 8
2022-10-20 08:48:10	 0		 0		 0		 0			 1			 2			18			 9
2022-10-20 08:53:13	 0		 0		 0		 0			 0			 2			20			10
2022-10-20 08:58:14	 0		 1		 0		 0			 1			 2			20			 7
2022-10-20 09:03:07	 0		 1		 0		 1			 2			 3			20			 8
2022-10-20 09:08:04	 0		 1		 0		 1			 1			 3			19			 9
2022-10-20 09:13:04	 0		 1		 0		 1			 1			 3			18			 9
2022-10-20 09:17:59	 0		 1		 0		 0			 3			 3			17			 9
2022-10-20 09:23:09	 0		 1		 0		 0			 3			 3			17			 9
2022-10-20 09:28:00	 0		 1		 0		 0			 3			 3			17			 9
2022-10-20 09:33:20	 0		 0		 0		 0			 3			 3			17			 9
2022-10-20 09:38:06	 0		 0		 0		 0			 3			 3			17			 9
2022-10-20 09:43:08	 0		 0		 0		 0			 3			 3			17			 9
2022-10-20 09:48:09	 0		 0		 0		 0			 3			 3			17			 9
2022-10-20 09:53:11	 0		 0		 0		 0			 3			 3			17			10
2022-10-20 09:58:06	 0		 0		 0		 0			 3			 3			18			10
2022-10-20 10:03:09	 1		 0		 0		 0			 4			 3			18			10
2022-10-20 10:08:15	 0		 0		 0		 0			 4			 3			17			10
2022-10-20 10:13:17	 0		 0		 0		 0			 4			 4			18			10
2022-10-20 10:18:06	 0		 0		 0		 0			 4			 4			18			10
2022-10-20 10:23:09	 0		 0		 0		 0			 4			 4			18			10
2022-10-20 10:28:13	 0		 0		 0		 0			 4			 4			18			10
2022-10-20 10:33:18	 0		 0		 0		 0			 4			 4			18			10
2022-10-20 10:38:21	 0		 0		 0		 0			 4			 4			18			 9
2022-10-20 10:43:09	 0		 0		 0		 0			 4			 4			18			10
2022-10-20 10:48:15	 0		 0		 0		 0			 4			 4			18			10
2022-10-20 10:53:27	 0		 0		 0		 0			 4			 4			18			10
2022-10-20 10:58:08	 0		 0		 0		 0			 3			 4			18			11
2022-10-20 11:03:14	 0		 0		 0		 0			 3			 4			18			11
2022-10-20 11:08:16	 0		 0		 0		 0			 3			 4			19			11
2022-10-20 11:13:16	 0		 0		 0		 0			 3			 4			19			11
2022-10-20 11:18:18	 0		 0		 0		 0			 3			 4			19			11
2022-10-20 11:23:11	 0		 0		 0		 0			 3			 4			19			11
2022-10-20 11:28:16	 0		 0		 0		 0			 3			 4			19			11
2022-10-20 11:33:21	 0		 0		 0		 0			 4			 4			19			11
2022-10-20 11:38:28	 0		 0		 1		 0			 4			 4			19			10
2022-10-20 11:43:28	 0		 0		 1		 0			 4			 4			19			10
2022-10-20 11:48:31	 0		 0		 1		 0			 3			 4			19			10
2022-10-20 11:53:11	 0		 0		 1		 0			 2			 4			19			10
2022-10-20 11:58:14	 0		 0		 1		 0			 2			 4			19			11
2022-10-20 12:03:18	 0		 0		 1		 0			 2			 4			19			14
2022-10-20 12:08:25	 0		 0		 1		 1			 2			 4			19			14
2022-10-20 12:13:29	 0		 0		 1		 0			 2			 4			19			14
2022-10-20 12:18:33	 0		 0		 1		 0			 2			 4			19			14
2022-10-20 12:23:36	 0		 0		 1		 0			 1			 4			 9			14
2022-10-20 12:33:20	 0		 0		 1		 0			 1			 4			 1			14
2022-10-20 12:43:22	 0		 0		 1		 0			 1			 4			 1			14
2022-10-20 12:52:49	 0		 0		 1		 1			 1			 4			 1			14
2022-10-20 13:03:08	 0		 0		 0		 1			 1			 3			 2			14
2022-10-20 13:12:50	 0		 0		 0		 1			 1			 3			 2			14
2022-10-20 13:22:52	 0		 0		 0		 1			 1			 3			 2			13
2022-10-20 13:32:52	 0		 0		 0		 1			 1			 3			 3			14
2022-10-20 13:42:53	 0		 0		 0		 1			 2			 3			 2			14
2022-10-20 13:53:01	 0		 0		 0		 1			 2			 3			 3			15
2022-10-20 14:02:58	 0		 0		 0		 0			 1			 3			 3			15
2022-10-20 14:12:57	 0		 0		 0		 0			 1			 3			 3			15
2022-10-20 14:23:07	 0		 0		 0		 0			 1			 2			 4			16
2022-10-20 14:33:04	 0		 0		 0		 0			 1			 2			 5			17
2022-10-20 14:43:11	 1		 0		 0		 0			 0			 2			 5			17
2022-10-20 14:53:04	 0		 0		 0		 0			 0			 2			 5			16
2022-10-20 15:03:10	 0		 0		 0		 0			 0			 2			 4			15
2022-10-20 15:12:55	 0		 0		 0		 0			 0			 2			 4			15
2022-10-20 15:23:09	 0		 0		 0		 1			 1			 2			 4			15
2022-10-20 15:32:56	 0		 0		 0		 0			 1			 2			 5			15
2022-10-20 15:42:56	 0		 1		 0		 0			 1			 2			 4			14
2022-10-20 15:52:56	 0		 0		 0		 0			 1			 2			 5			16
2022-10-20 16:02:56	 1		 0		 0		 0			 1			 2			 6			16
2022-10-20 16:12:56	 1		 0		 0		 0			 0			 1			 5			15
2022-10-20 16:23:03	 0		 0		 0		 1			 0			 1			 7			14
2022-10-20 16:33:03	 1		 1		 0		 0			 0			 0			 7			15
2022-10-20 16:43:08	 0		 1		 0		 1			 1			 1			 7			14
2022-10-20 16:53:13	 1		 2		 0		 1			 0			 1			 6			14
2022-10-20 17:02:56	 1		 1		 0		 1			 1			 1			 5			15
2022-10-20 17:13:03	 1		 1		 0		 0			 1			 1			 4			15
2022-10-20 17:23:09	 2		 1		 0		 0			 1			 2			 3			14
2022-10-20 17:32:56	 1		 1		 0		 5			 1			 2			 3			15
2022-10-20 17:43:15	 1		 1		 0		22			 1			 2			 3			15
2022-10-20 17:53:06	 0		 1		 0		21			 1			 2			 2			15
2022-10-20 18:03:16	 0		 2		 0		21			 1			 2			 2			16
2022-10-20 18:13:03	 0		 2		 0		23			 1			 2			 1			16
2022-10-20 18:23:01	 0		 2		 1		22			 2			 1			 1			16
2022-10-20 18:33:16	 0		 2		 1		22			 3			 1			 1			16
2022-10-20 18:43:03	 0		 0		 1		21			 4			 1			 1			16
2022-10-20 18:53:05	 0		 0		 1		21			 4			 0			 0			17
2022-10-20 19:03:17	 0		 0		 1		23			 4			 0			 0			17
2022-10-20 19:13:09	 0		 0		 1		22			 3			 0			 0			17
2022-10-20 19:23:15	 0		 0		 1		23			 2			 0			 1			17
2022-10-20 19:33:20	 0		 0		 1		22			 1			 0			 2			16
2022-10-20 19:43:16	 0		 0		 1		21			 1			 0			 2			16
2022-10-20 19:53:25	 0		 0		 2		21			 2			 0			 2			17
2022-10-20 20:03:13	 0		 0		 2		24			 2			 0			 2			17
2022-10-20 20:13:21	 0		 0		 2		24			 2			 0			 1			17
2022-10-20 20:23:11	 0		 0		 3		24			 3			 0			 1			18
2022-10-20 20:33:11	 0		 0		 3		24			 3			 0			 1			17
2022-10-20 20:43:14	 1		 0		 3		24			 3			 0			 1			17
2022-10-20 20:53:08	 1		 0		 4		24			 4			 0			 2			17
2022-10-20 21:03:13	 2		 0		 4		23			 4			 0			 2			18
2022-10-20 21:13:14	 3		 0		 4		23			 4			 0			 2			19
2022-10-20 21:23:14	 3		 0		 5		23			 5			 0			 1			19
2022-10-20 21:33:15	 4		 0		 5		23			 5			 0			 1			19
2022-10-20 21:43:17	 4		 0		 5		24			 5			 0			 1			19
2022-10-20 21:53:24	 5		 0		 5		24			 5			 0			 1			19
2022-10-20 22:03:29	 6		 0		 5		24			 5			 0			 1			19
2022-10-20 22:13:25	 6		 0		 5		24			 4			 0			 0			19
2022-10-20 22:23:14	 6		 0		 7		24			 1			 0			 0			20
2022-10-20 22:33:18	 6		 0		 7		24			 1			 0			 0			20
2022-10-20 22:43:28	 6		 0		 7		23			 1			 0			 0			19
2022-10-20 22:53:28	 6		 0		 7		23			 1			 0			 0			20
2022-10-20 23:03:30	 6		 0		 7		23			 1			 1			 1			19
2022-10-20 23:13:28	 6		 0		 7		23			 1			 1			 1			19
2022-10-20 23:23:28	 6		 0		 7		23			 0			 1			 1			19
2022-10-20 23:33:26	 6		 0		 7		23			 0			 1			 1			19
2022-10-20 23:43:22	 6		 0		 7		23			 0			 1			 1			19
2022-10-20 23:53:17	 6		 0		 7		22			 0			 0			 1			19
2022-10-21 00:03:29	 5		 1		 7		22			 0			 0			 1			19
2022-10-21 00:13:20	 5		 1		 7		22			 0			 0			 1			19
2022-10-21 00:23:19	 6		 1		 7		22			 0			 0			 1			19
2022-10-21 00:33:19	 6		 1		 7		22			 0			 0			 1			18
2022-10-21 00:43:27	 6		 1		 7		22			 0			 0			 1			17
2022-10-21 00:53:36	 6		 1		 7		21			 0			 0			 1			17
2022-10-21 01:03:20	 6		 1		 7		21			 0			 0			 1			17
2022-10-21 01:13:16	 6		 1		 7		21			 0			 0			 1			17
2022-10-21 01:23:17	 6		 1		 7		21			 0			 0			 1			17
2022-10-21 01:33:25	 6		 1		 7		21			 0			 0			 1			17
2022-10-21 01:43:32	 6		 1		 7		21			 0			 0			 1			17
2022-10-21 01:53:37	 6		 1		 7		21			 0			 0			 1			17
2022-10-21 02:03:20	 6		 1		 7		21			 0			 0			 1			17
2022-10-21 02:13:22	 6		 1		 7		21			 0			 0			 1			17
2022-10-21 02:23:23	 6		 1		 7		21			 0			 0			 1			17
2022-10-21 02:33:25	 6		 1		 7		21			 0			 0			 1			17
2022-10-21 02:43:27	 6		 1		 7		21			 0			 0			 1			17
2022-10-21 02:53:23	 6		 1		 7		21			 0			 0			 1			17
2022-10-21 03:03:22	 6		 1		 7		21			 0			 0			 1			17
2022-10-21 03:13:38	 6		 1		 7		21			 0			 0			 1			17
2022-10-21 03:23:22	 6		 1		 7		21			 0			 0			 1			17
2022-10-21 03:33:23	 6		 1		 7		21			 0			 0			 1			17
2022-10-21 03:43:34	 6		 1		 7		21			 0			 0			 1			17
2022-10-21 03:53:24	 6		 1		 7		21			 0			 0			 1			17
2022-10-21 04:03:23	 6		 1		 7		21			 0			 0			 1			17
2022-10-21 04:13:41	 6		 1		 7		21			 0			 0			 1			17
2022-10-21 04:23:32	 6		 1		 7		21			 0			 0			 1			17
2022-10-21 04:33:26	 6		 1		 7		21			 0			 0			 1			17
2022-10-21 04:43:40	 6		 1		 7		21			 0			 0			 1			17
2022-10-21 04:53:42	 6		 1		 7		21			 0			 0			 1			17
2022-10-21 05:03:43	 6		 1		 7		21			 0			 0			 1			17
2022-10-21 05:13:28	 6		 1		 7		21			 0			 0			 1			17
2022-10-21 05:23:28	 6		 1		 7		21			 0			 0			 1			17
2022-10-21 05:33:46	 6		 1		 7		21			 0			 0			 1			17
2022-10-21 05:43:41	 6		 1		 7		21			 0			 0			 1			17
2022-10-21 05:53:40	 6		 1		 7		21			 0			 0			 4			17
2022-10-21 06:03:36	 6		 1		 6		21			 0			 0			 3			17
2022-10-21 06:13:37	 6		 1		 6		21			 0			 0			 4			17
2022-10-21 06:23:42	 6		 1		 6		21			 0			 0			 4			17
2022-10-21 06:33:47	 6		 1		 6		21			 0			 0			 7			17
2022-10-21 06:43:35	 6		 1		 6		20			 0			 0			 8			17
2022-10-21 06:53:46	 6		 1		 6		20			 1			 0			 9			17
2022-10-21 07:03:49	 5		 1		 6		21			 1			 0			10			17
2022-10-21 07:13:49	 5		 1		 6		18			 4			 0			10			17
2022-10-21 07:23:29	 5		 1		 6		18			 3			 0			10			17
2022-10-21 07:33:28	 5		 1		 6		18			 3			 0			11			17
2022-10-21 07:43:34	 5		 1		 6		17			 3			 0			11			18
2022-10-21 07:53:43	 4		 1		 6		17			 1			 0			11			20
2022-10-21 08:03:46	 4		 2		 5		15			 0			 0			12			20
2022-10-21 08:13:45	 3		 1		 5		14			 1			 0			12			18
2022-10-21 08:23:37	 1		 1		 5		15			 0			 0			16			18
2022-10-21 08:33:49	 0		 1		 5		14			 3			 0			18			20
2022-10-21 08:43:28	 0		 0		 3		14			 2			 0			20			18
2022-10-21 08:53:33	 0		 0		 2		10			 1			 0			20			20
2022-10-21 09:03:39	 0		 0		 2		 8			 1			 1			20			23
2022-10-21 09:13:39	 0		 0		 2		 6			 1			 2			20			21
2022-10-21 09:23:33	 0		 0		 2		 4			 0			 2			19			21
2022-10-21 09:33:36	 0		 0		 2		 4			 0			 2			19			21
2022-10-21 09:43:41	 0		 0		 2		 4			 0			 2			19			21
2022-10-21 09:53:51	 0		 0		 1		 4			 0			 2			19			21
2022-10-21 10:03:44	 0		 0		 1		 3			 0			 2			19			20
2022-10-21 10:13:38	 0		 0		 1		 3			 0			 2			19			19
2022-10-21 10:23:54	 0		 0		 1		 0			 0			 2			19			20
2022-10-21 10:33:44	 0		 0		 1		 0			 0			 2			19			20
2022-10-21 10:43:49	 0		 0		 0		 1			 1			 2			19			20
2022-10-21 10:53:52	 0		 1		 0		 1			 1			 2			19			20
2022-10-21 11:03:57	 0		 1		 0		 0			 0			 2			19			20
2022-10-21 11:13:41	 0		 1		 0		 0			 0			 2			19			19
2022-10-21 11:23:41	 0		 1		 0		 0			 0			 2			19			19
2022-10-21 11:33:52	 1		 0		 1		 0			 0			 2			19			19
2022-10-21 11:43:55	 1		 0		 1		 0			 1			 2			19			19
2022-10-21 11:53:44	 1		 0		 1		 0			 1			 2			19			19
2022-10-21 12:03:39	 1		 0		 0		 0			 1			 2			19			19
2022-10-21 12:13:49	 2		 0		 0		 0			 2			 1			19			19
2022-10-21 12:24:01	 2		 0		 0		 0			 2			 1			20			19
2022-10-21 12:33:53	 0		 0		 1		 0			 2			 1			20			20
2022-10-21 12:43:45	 0		 0		 1		 0			 1			 1			20			20
2022-10-21 12:53:45	 0		 0		 1		 0			 1			 1			20			20
2022-10-21 13:03:45	 0		 0		 1		 1			 1			 2			20			19
2022-10-21 13:13:46	 0		 0		 1		 1			 2			 2			20			19
2022-10-21 13:23:59	 0		 0		 1		 1			 3			 2			20			21
2022-10-21 13:33:52	 0		 0		 1		 1			 3			 2			20			21
2022-10-21 13:44:04	 1		 0		 1		 1			 1			 2			20			23
2022-10-21 13:53:59	 1		 0		 0		 0			 1			 2			20			22
2022-10-21 14:03:59	 1		 0		 0		 0			 1			 2			20			22
2022-10-21 14:14:01	 1		 0		 0		 0			 1			 2			20			22
2022-10-21 14:23:56	 1		 0		 0		 0			 1			 2			20			21
2022-10-21 14:55:42	 1		 0		 0		 0			 0			 2			20			 6
2022-10-21 15:05:39	 1		 0		 1		 0			 0			 2			20			 4
2022-10-21 15:15:33	 1		 0		 1		 0			 0			 2			20			 4
2022-10-21 15:25:43	 0		 0		 1		 0			 3			 3			20			 4
2022-10-21 15:35:29	 1		 0		 0		 1			 2			 4			20			 5
2022-10-21 15:45:24	 1		 0		 0		 2			 4			 4			20			 5
2022-10-21 15:55:36	 2		 0		 0		 3			 3			 4			19			 5
2022-10-21 16:05:34	 2		 0		 0		 5			 1			 4			18			 5
2022-10-21 16:15:40	 1		 0		 0		 3			 3			 4			18			 3
2022-10-21 16:25:40	 0		 1		 0		 3			 1			 4			16			 4
2022-10-21 16:35:30	 0		 2		 0		 4			 0			 4			16			 4
2022-10-21 16:45:42	 0		 1		 0		 4			 1			 4			15			 4
2022-10-21 16:55:32	 0		 1		 0		 5			 0			 4			14			 5
2022-10-21 17:05:46	 1		 1		 0		 4			 1			 3			13			 4
2022-10-21 17:15:42	 1		 1		 0		 4			 1			 3			12			 5
2022-10-21 17:25:26	 2		 0		 0		 4			 2			 3			11			 5
2022-10-21 17:35:47	 4		 0		 0		 4			 2			 3			12			 5
2022-10-21 17:45:39	 3		 0		 0		 5			 2			 3			12			 5
2022-10-21 17:55:34	 3		 1		 0		 5			 3			 3			11			 5
2022-10-21 18:05:45	 3		 1		 0		 5			 3			 3			11			 5
2022-10-21 18:15:36	 2		 2		 0		 4			 0			 3			11			 4
2022-10-21 18:25:49	 3		 2		 0		 5			 0			 3			12			 4
2022-10-21 18:35:40	 3		 1		 0		 5			 0			 3			12			 4
2022-10-21 18:45:31	 3		 1		 0		 4			 0			 3			12			 3
2022-10-21 18:55:45	 3		 1		 0		 4			 0			 3			12			 2
2022-10-21 19:05:34	 3		 1		 0		 5			 1			 3			12			 2
2022-10-21 19:15:52	 3		 1		 0		 6			 1			 1			11			 3
2022-10-21 19:25:55	 3		 1		 0		 6			 1			 1			11			 3
2022-10-21 19:35:51	 3		 1		 0		 6			 1			 1			11			 4
2022-10-21 19:45:52	 3		 1		 1		 6			 1			 1			11			 4
2022-10-21 19:55:37	 3		 1		 1		 6			 1			 2			12			 3
2022-10-21 20:05:46	 3		 1		 1		 6			 1			 2			12			 3
2022-10-21 20:15:54	 3		 1		 1		 6			 0			 2			12			 3
2022-10-21 20:25:42	 2		 1		 1		 6			 0			 2			12			 3
2022-10-21 20:35:52	 3		 0		 1		 6			 0			 2			12			 2
2022-10-21 20:45:53	 3		 0		 1		 6			 0			 2			12			 2
2022-10-21 20:55:54	 3		 0		 1		 6			 0			 2			12			 2
2022-10-21 21:05:57	 3		 0		 1		 6			 1			 2			12			 2
2022-10-21 21:15:43	 3		 0		 1		 4			 1			 2			11			 2
2022-10-21 21:25:43	 3		 0		 1		 4			 1			 2			10			 2
2022-10-21 21:35:44	 3		 0		 1		 4			 1			 2			10			 3
2022-10-21 21:45:49	 3		 0		 1		 4			 1			 2			10			 2
2022-10-21 21:55:42	 3		 0		 1		 4			 1			 2			11			 2
2022-10-21 22:05:54	 3		 0		 1		 4			 1			 2			 8			 2
2022-10-21 22:15:54	 3		 0		 0		 5			 0			 2			 8			 2
2022-10-21 22:25:42	 3		 0		 0		 5			 0			 2			 6			 3
2022-10-21 22:35:53	 3		 0		 0		 5			 0			 2			 6			 3
2022-10-21 22:45:56	 3		 0		 0		 5			 0			 2			 6			 3
2022-10-21 22:55:46	 3		 0		 0		 5			 0			 2			 6			 2
2022-10-21 23:05:58	 2		 0		 0		 5			 0			 2			 6			 2
2022-10-21 23:15:47	 2		 0		 0		 5			 0			 1			 6			 2
2022-10-21 23:25:47	 2		 0		 0		 4			 0			 1			 6			 2
2022-10-21 23:35:46	 2		 0		 0		 5			 0			 1			 6			 2
2022-10-21 23:45:49	 2		 0		 0		 5			 1			 1			 6			 3
2022-10-21 23:55:59	 2		 1		 0		 4			 0			 1			 4			 2
2022-10-22 00:05:57	 5		 1		 0		 4			 0			 1			 4			 2
2022-10-22 00:15:52	 5		 1		 0		 3			 2			 1			 4			 2
2022-10-22 00:25:59	 5		 1		 0		 4			 2			 1			 4			 2
2022-10-22 00:36:06	 5		 1		 0		 4			 2			 1			 3			 2
2022-10-22 00:45:57	 5		 1		 0		 5			 2			 1			 3			 2
2022-10-22 00:56:06	 5		 1		 0		 4			 2			 0			 3			 2
2022-10-22 01:05:57	 5		 1		 0		 4			 2			 0			 3			 2
2022-10-22 01:16:06	 5		 1		 0		 4			 2			 0			 3			 2
2022-10-22 01:25:50	 5		 1		 0		 4			 2			 0			 3			 2
2022-10-22 01:35:49	 5		 1		 0		 4			 2			 0			 3			 2
2022-10-22 01:45:52	 5		 1		 0		 4			 2			 0			 3			 2
2022-10-22 01:56:00	 5		 1		 0		 4			 2			 0			 3			 2
2022-10-22 02:05:56	 5		 1		 0		 4			 2			 0			 3			 2
2022-10-22 02:16:08	 5		 1		 0		 4			 2			 0			 3			 2
2022-10-22 02:25:55	 5		 1		 0		 4			 2			 0			 3			 2
2022-10-22 02:36:05	 5		 1		 0		 4			 2			 0			 3			 2
2022-10-22 02:45:52	 5		 1		 0		 4			 2			 0			 3			 2
2022-10-22 02:56:04	 5		 1		 0		 4			 2			 0			 3			 2
2022-10-22 03:06:09	 5		 1		 0		 4			 2			 0			 3			 2
2022-10-22 03:15:56	 5		 1		 0		 4			 2			 0			 3			 2
2022-10-22 03:25:59	 5		 1		 0		 4			 2			 0			 3			 2
2022-10-22 03:36:05	 5		 1		 0		 4			 2			 0			 3			 2
2022-10-22 03:46:03	 5		 1		 0		 4			 2			 0			 3			 2
2022-10-22 03:56:01	 5		 1		 0		 4			 2			 0			 3			 2
2022-10-22 04:06:06	 5		 1		 0		 4			 2			 0			 3			 2
2022-10-22 04:16:12	 5		 1		 0		 4			 2			 0			 3			 2
2022-10-22 04:26:15	 5		 1		 0		 4			 2			 0			 3			 2
2022-10-22 04:36:08	 5		 1		 0		 4			 2			 0			 3			 2
2022-10-22 04:46:12	 5		 1		 0		 4			 2			 0			 3			 2
2022-10-22 04:56:01	 5		 1		 0		 4			 2			 0			 3			 2
2022-10-22 05:06:06	 5		 1		 0		 4			 2			 0			 3			 2
2022-10-22 05:16:10	 5		 1		 0		 4			 2			 0			 3			 2
2022-10-22 05:26:17	 5		 1		 0		 4			 2			 0			 3			 2
2022-10-22 05:36:04	 5		 1		 0		 4			 2			 0			 3			 2
2022-10-22 05:46:16	 5		 1		 0		 4			 2			 0			 3			 2
2022-10-22 05:56:07	 5		 1		 0		 4			 2			 0			 3			 2
2022-10-22 06:06:06	 5		 1		 0		 4			 2			 0			 3			 2
2022-10-22 06:16:13	 5		 1		 0		 4			 2			 0			 3			 2
2022-10-22 06:26:00	 5		 1		 0		 4			 2			 0			 3			 2
2022-10-22 06:36:12	 5		 1		 0		 4			 2			 0			 3			 2
2022-10-22 06:46:14	 5		 1		 0		 4			 2			 0			 3			 2
2022-10-22 06:56:08	 5		 1		 0		 4			 2			 0			 3			 2
2022-10-22 07:06:19	 5		 1		 0		 4			 2			 0			 3			 2
2022-10-22 07:16:16	 5		 1		 0		 4			 2			 0			 3			 2
2022-10-22 07:26:12	 5		 1		 0		 4			 2			 0			 3			 2
2022-10-22 07:36:17	 5		 1		 0		 4			 2			 0			 4			 2
2022-10-22 07:46:07	 5		 1		 0		 4			 2			 0			 4			 2
2022-10-22 07:56:12	 5		 1		 0		 4			 2			 0			 4			 2
2022-10-22 08:06:03	 5		 1		 0		 4			 2			 0			 4			 2
2022-10-22 08:16:08	 5		 1		 0		 4			 2			 0			 4			 2
2022-10-22 08:26:14	 5		 1		 0		 4			 2			 0			 4			 2
2022-10-22 08:36:06	 5		 1		 0		 4			 2			 0			 4			 2
2022-10-22 08:46:21	 5		 1		 0		 5			 2			 0			 4			 2
2022-10-22 08:56:07	 5		 1		 0		 5			 2			 0			 4			 2
2022-10-22 09:06:10	 5		 1		 0		 4			 2			 0			 4			 2
2022-10-22 09:16:21	 6		 1		 0		 5			 2			 0			 5			 2
2022-10-22 09:26:18	 5		 1		 0		 6			 2			 0			 5			 3
2022-10-22 09:36:22	 5		 1		 0		 6			 2			 0			 5			 3
2022-10-22 09:46:24	 5		 1		 0		 6			 2			 0			 5			 3
2022-10-22 09:56:13	 5		 1		 0		 5			 2			 0			 5			 5
2022-10-22 10:06:06	 4		 1		 0		 5			 2			 0			 6			 5
2022-10-22 10:16:26	 4		 1		 0		 5			 3			 0			 7			 5
2022-10-22 10:26:16	 4		 1		 0		 5			 3			 0			 7			 5
2022-10-22 10:36:12	 4		 1		 0		 5			 3			 0			 7			 6
2022-10-22 10:46:22	 2		 1		 0		 6			 4			 0			 7			 6
2022-10-22 10:56:15	 2		 1		 0		 6			 4			 0			 7			 6
2022-10-22 11:06:08	 2		 2		 0		 6			 4			 0			 8			 6
2022-10-22 11:16:17	 1		 2		 0		 6			 4			 1			 8			 6
2022-10-22 11:26:16	 0		 2		 0		 6			 4			 1			 8			 6
2022-10-22 11:36:11	 0		 2		 0		 6			 4			 1			 8			 7
2022-10-22 11:46:17	 0		 1		 0		 7			 4			 1			 8			 7
2022-10-22 11:56:23	 0		 0		 0		 7			 4			 1			 8			 7
2022-10-22 12:06:18	 0		 0		 0		 6			 1			 1			 8			 7
2022-10-22 12:16:13	 0		 0		 0		 6			 1			 1			 8			 7
2022-10-22 12:26:20	 0		 0		 0		 5			 1			 1			 8			 8
2022-10-22 12:36:13	 0		 0		 0		 3			 2			 1			 8			10
2022-10-22 12:46:26	 0		 0		 0		 3			 2			 1			 7			11
2022-10-22 12:56:21	 0		 0		 0		 3			 2			 1			 7			11
2022-10-22 13:06:21	 0		 0		 0		 3			 2			 1			 8			12
2022-10-22 13:16:16	 0		 0		 0		 4			 2			 1			 8			12
2022-10-22 13:26:15	 0		 0		 0		 4			 2			 1			 8			13
2022-10-22 13:36:32	 0		 0		 0		 2			 0			 1			10			13
2022-10-22 13:46:26	 0		 0		 0		 0			 0			 1			10			13
2022-10-22 13:56:24	 0		 1		 0		 0			 0			 1			11			14
2022-10-22 14:06:17	 0		 1		 0		 0			 1			 1			11			14
2022-10-22 14:16:16	 0		 1		 0		 1			 1			 1			11			14
2022-10-22 14:26:28	 0		 1		 0		 1			 1			 1			11			14
2022-10-22 14:36:24	 0		 1		 0		 2			 1			 1			11			15
2022-10-22 14:46:19	 0		 1		 0		 2			 0			 1			11			15
2022-10-22 14:56:32	 1		 1		 0		 2			 0			 1			11			15
2022-10-22 15:06:17	 2		 1		 0		 2			 0			 1			11			16
2022-10-22 15:16:23	 0		 1		 0		 1			 0			 1			13			16
2022-10-22 15:26:30	 0		 1		 0		 1			 0			 1			15			16
2022-10-22 15:36:25	 1		 1		 0		 1			 0			 1			13			16
2022-10-22 15:46:18	 1		 1		 0		 2			 0			 1			13			16
2022-10-22 15:56:32	 1		 1		 0		 2			 0			 1			12			16
2022-10-22 16:06:18	 1		 0		 0		 2			 0			 0			12			16
2022-10-22 16:16:20	 0		 0		 0		 1			 0			 0			13			16
2022-10-22 16:26:24	 0		 0		 0		 0			 1			 0			13			16
2022-10-22 16:36:24	 0		 0		 0		 0			 0			 0			13			17
2022-10-22 16:46:34	 0		 0		 0		 0			 0			 0			13			17
2022-10-22 16:56:28	 0		 0		 0		 0			 0			 0			13			17
2022-10-22 17:06:40	 0		 0		 0		 1			 2			 0			13			16
2022-10-22 17:16:41	 0		 0		 0		 1			 2			 0			14			16
2022-10-22 17:26:22	 0		 0		 0		 1			 3			 0			13			15
2022-10-22 17:36:33	 0		 1		 0		 1			 4			 0			13			15
2022-10-22 17:46:24	 0		 1		 0		 2			 4			 0			14			15
2022-10-22 17:56:24	 0		 1		 0		 1			 4			 0			14			15
2022-10-22 18:06:37	 0		 1		 0		 1			 4			 0			14			14
2022-10-22 18:16:24	 0		 1		 1		 1			 5			 0			13			15
2022-10-22 18:26:39	 1		 1		 1		 1			 5			 0			13			15
2022-10-22 18:36:28	 1		 2		 1		 2			 6			 0			14			15
2022-10-22 18:46:39	 1		 2		 1		 3			 6			 0			13			16
2022-10-22 18:56:25	 1		 1		 1		 3			 6			 0			13			15
2022-10-22 19:06:36	 1		 0		 1		 3			 8			 0			12			16
2022-10-22 19:16:47	 1		 0		 1		 4			 8			 0			12			15
2022-10-22 19:26:39	 1		 0		 1		 5			 8			 0			13			15
2022-10-22 19:36:30	 1		 0		 1		 5			 9			 0			13			15
2022-10-22 19:46:32	 1		 0		 1		 5			 9			 0			13			15
2022-10-22 19:56:38	 0		 0		 1		 5			 8			 0			13			14
2022-10-22 20:06:33	 0		 0		 1		 6			 8			 0			14			14
2022-10-22 20:16:43	 0		 0		 1		 7			 8			 0			14			14
2022-10-22 20:26:29	 0		 0		 1		 9			 8			 0			14			14
2022-10-22 20:36:41	 0		 0		 1		 9			 9			 0			14			14
2022-10-22 20:46:39	 0		 0		 1		 9			 9			 0			14			14
2022-10-22 20:56:34	 0		 0		 1		 9			 9			 0			14			15
2022-10-22 21:06:49	 0		 0		 1		 9			 9			 0			14			15
2022-10-22 21:16:36	 0		 0		 0		 9			 9			 0			14			15
2022-10-22 21:26:50	 0		 0		 0		 9			 9			 0			16			14
2022-10-22 21:36:36	 0		 0		 0		 9			 9			 0			16			14
2022-10-22 21:46:45	 0		 0		 0		 8			 9			 0			16			14
2022-10-22 21:56:51	 0		 0		 0		 8			 9			 0			16			14
2022-10-22 22:06:49	 0		 0		 0		 7			 9			 0			16			13
2022-10-22 22:16:47	 0		 0		 0		 7			 8			 0			17			13
2022-10-22 22:26:43	 0		 1		 0		 6			 8			 0			16			13
2022-10-22 22:36:40	 0		 1		 0		 6			 8			 0			16			13
2022-10-22 22:46:39	 0		 2		 0		 6			 8			 0			16			13
2022-10-22 22:56:36	 0		 2		 0		 6			 8			 0			16			12
2022-10-22 23:06:40	 0		 2		 0		 6			 8			 0			16			12
2022-10-22 23:16:35	 0		 2		 0		 7			 6			 0			16			12
2022-10-22 23:26:51	 0		 2		 0		 7			 6			 1			15			12
2022-10-22 23:36:50	 0		 0		 0		 7			 7			 0			15			12
2022-10-22 23:46:50	 1		 0		 0		 8			 7			 0			15			12
2022-10-22 23:56:40	 1		 0		 0		 8			 7			 0			15			12
2022-10-23 00:06:48	 2		 0		 0		 6			 6			 0			15			12
2022-10-23 00:16:40	 2		 0		 0		 7			 6			 0			15			12
2022-10-23 00:26:45	 2		 0		 0		 7			 6			 0			14			12
2022-10-23 00:36:50	 2		 0		 0		 7			 6			 0			14			11
2022-10-23 00:46:56	 2		 0		 0		 7			 6			 0			14			11
2022-10-23 00:56:45	 2		 0		 0		 7			 6			 0			14			12
2022-10-23 01:06:47	 2		 0		 0		 7			 6			 0			15			12
2022-10-23 01:16:58	 2		 0		 0		 7			 6			 0			15			12
2022-10-23 01:26:39	 2		 0		 0		 7			 6			 0			15			12
2022-10-23 01:36:56	 2		 0		 0		 7			 6			 0			15			12
2022-10-23 01:46:50	 2		 0		 0		 7			 6			 0			15			12
2022-10-23 01:56:57	 2		 0		 0		 7			 6			 0			15			12
2022-10-23 02:06:49	 2		 0		 0		 7			 6			 0			15			12
2022-10-23 02:16:56	 2		 0		 0		 7			 6			 0			15			12
2022-10-23 02:26:41	 2		 0		 0		 7			 6			 0			15			12
2022-10-23 02:36:45	 2		 0		 0		 7			 6			 0			15			12
2022-10-23 02:46:45	 2		 0		 0		 7			 6			 0			15			12
2022-10-23 02:57:01	 2		 0		 0		 7			 6			 0			15			12
2022-10-23 03:06:57	 2		 0		 0		 7			 6			 0			15			12
2022-10-23 03:16:54	 2		 0		 0		 7			 6			 0			15			12
2022-10-23 03:27:04	 2		 0		 0		 7			 6			 0			15			12
2022-10-23 03:36:55	 2		 0		 0		 7			 6			 0			15			12
2022-10-23 03:46:59	 2		 0		 0		 7			 6			 0			15			12
2022-10-23 03:56:57	 2		 0		 0		 7			 6			 0			15			12
2022-10-23 04:06:48	 2		 0		 0		 7			 6			 0			15			12
2022-10-23 04:17:05	 2		 0		 0		 7			 6			 0			15			12
2022-10-23 04:26:46	 2		 0		 0		 7			 6			 0			15			12
2022-10-23 04:36:49	 2		 0		 0		 7			 6			 0			15			12
2022-10-23 04:46:48	 2		 0		 0		 7			 6			 0			15			12
2022-10-23 04:56:48	 2		 0		 0		 7			 6			 0			15			12
2022-10-23 05:06:51	 2		 0		 0		 7			 6			 0			15			12
2022-10-23 05:16:53	 2		 0		 0		 8			 6			 0			15			12
2022-10-23 05:26:53	 2		 0		 0		 8			 6			 0			15			12
2022-10-23 05:36:51	 2		 0		 0		 8			 6			 0			15			12
2022-10-23 05:46:53	 2		 0		 0		 8			 6			 0			15			12
2022-10-23 05:57:00	 2		 0		 0		 8			 6			 0			15			12
2022-10-23 06:07:04	 2		 0		 0		 8			 6			 0			15			12
2022-10-23 06:16:51	 2		 0		 0		 8			 6			 0			15			12
2022-10-23 06:26:56	 2		 0		 0		 8			 6			 0			15			12
2022-10-23 06:36:59	 2		 0		 0		 8			 6			 0			15			12
2022-10-23 06:46:59	 2		 0		 0		 8			 6			 0			17			12
2022-10-23 06:56:53	 2		 0		 0		 8			 6			 0			17			12
2022-10-23 07:06:53	 2		 0		 0		 8			 6			 0			17			12
2022-10-23 07:16:52	 2		 0		 0		 8			 6			 0			17			12
2022-10-23 07:26:51	 2		 0		 0		 8			 6			 0			18			12
2022-10-23 07:36:52	 2		 1		 0		 8			 6			 0			18			12
2022-10-23 07:46:54	 2		 1		 0		 8			 6			 0			17			12
2022-10-23 07:56:59	 2		 1		 0		 8			 7			 0			17			12
2022-10-23 08:07:00	 2		 1		 0		 8			 7			 0			17			12
2022-10-23 08:16:53	 2		 1		 0		 8			 7			 0			17			12
2022-10-23 08:27:02	 2		 1		 0		 8			 7			 0			17			12
2022-10-23 08:37:12	 2		 1		 0		 8			 7			 0			18			12
2022-10-23 08:47:10	 2		 1		 0		 8			 7			 0			18			12
2022-10-23 08:57:07	 2		 1		 0		 8			 7			 0			18			12
2022-10-23 09:07:13	 1		 1		 0		 8			 7			 0			18			13
2022-10-23 09:16:55	 1		 1		 0		 8			 7			 0			19			13
2022-10-23 09:26:55	 1		 1		 0		 8			 7			 0			19			13
2022-10-23 09:37:12	 1		 1		 0		 8			 7			 0			20			13
2022-10-23 09:47:02	 1		 1		 0		 8			 7			 0			20			14
2022-10-23 09:57:11	 1		 1		 0		 8			 7			 0			20			14
2022-10-23 10:07:09	 1		 1		 0		10			 7			 0			20			14
2022-10-23 10:16:56	 1		 1		 0		10			 7			 0			20			14
2022-10-23 10:27:10	 1		 1		 0		10			 7			 0			20			14
2022-10-23 10:37:13	 1		 1		 0		11			 7			 0			20			15
2022-10-23 10:47:04	 1		 0		 0		10			 7			 0			20			16
2022-10-23 10:57:09	 1		 0		 0		 9			 8			 0			20			17
2022-10-23 11:07:08	 1		 0		 0		 9			 8			 0			20			18
2022-10-23 11:17:08	 1		 0		 0		 5			 8			 0			20			18
2022-10-23 11:27:01	 1		 0		 0		 2			 9			 0			20			18
2022-10-23 11:37:04	 1		 0		 0		 2			10			 0			20			18
2022-10-23 11:47:16	 1		 0		 0		 0			10			 0			20			18
2022-10-23 11:57:01	 1		 0		 0		 0			10			 0			20			18
2022-10-23 12:07:14	 1		 0		 0		 0			11			 0			20			18
2022-10-23 12:17:09	 0		 0		 0		 1			11			 0			20			18
2022-10-23 12:27:15	 0		 0		 0		 1			11			 0			20			18
2022-10-23 12:37:19	 0		 0		 0		 7			11			 0			20			17
2022-10-23 12:47:02	 0		 0		 0		 8			11			 0			20			17
2022-10-23 12:57:03	 0		 0		 0		12			11			 0			20			17
2022-10-23 13:07:08	 0		 0		 0		12			11			 0			20			17
2022-10-23 13:17:08	 0		 0		 0		12			11			 0			20			17
2022-10-23 13:27:10	 0		 0		 0		11			11			 0			20			17
2022-10-23 13:37:02	 0		 0		 0		10			11			 0			20			17
2022-10-23 13:47:14	 0		 0		 0		 9			11			 0			20			17
2022-10-23 13:57:08	 0		 0		 0		10			11			 0			20			17
2022-10-23 14:06:58	 0		 0		 0		11			11			 0			20			18
2022-10-23 14:17:01	 0		 0		 0		11			11			 0			20			19
2022-10-23 14:27:15	 0		 0		 0		10			11			 0			20			19
2022-10-23 14:37:19	 0		 0		 0		 9			11			 0			20			19
2022-10-23 14:47:18	 0		 0		 0		 8			11			 0			20			19
2022-10-23 14:57:17	 1		 0		 0		 9			11			 0			20			19
2022-10-23 15:07:01	 1		 0		 0		 8			11			 0			20			19
2022-10-23 15:17:24	 1		 0		 0		 8			11			 0			20			21
2022-10-23 15:27:14	 1		 1		 0		 7			12			 0			20			22
2022-10-23 15:37:25	 1		 1		 0		 9			12			 0			20			22
2022-10-23 15:47:11	 1		 1		 0		 8			11			 0			20			22
2022-10-23 15:57:08	 1		 1		 0		 8			11			 0			20			22
2022-10-23 16:07:10	 0		 0		 0		 8			11			 0			20			24
2022-10-23 16:17:09	 0		 0		 0		 7			11			 0			20			25
2022-10-23 16:27:13	 0		 0		 0		 7			10			 0			20			25
2022-10-23 16:35:42	 0		 0		 0		 6			10			 0			20			25
2022-10-23 16:47:19	 1		 1		 0		 6			 9			 0			20			26
2022-10-23 16:57:12	 2		 1		 0		 6			 9			 0			20			26
2022-10-23 17:07:19	 2		 2		 0		 5			 9			 0			20			26
2022-10-23 17:17:29	 2		 2		 0		 4			10			 0			20			26
2022-10-23 17:27:20	 2		 2		 0		 4			 9			 0			20			27
2022-10-23 17:37:29	 1		 2		 0		 3			 8			 0			20			27
2022-10-23 17:47:12	 0		 2		 0		 4			 8			 0			20			28
2022-10-23 17:57:26	 1		 2		 0		 2			 9			 0			20			28
2022-10-23 18:07:29	 0		 2		 0		 1			 9			 0			20			28
2022-10-23 18:17:29	 0		 3		 0		 1			 9			 0			19			28
2022-10-23 18:27:21	 0		 2		 0		 1			 9			 0			19			28
2022-10-23 18:37:12	 0		 2		 0		 1			 9			 0			19			28
2022-10-23 18:47:29	 0		 1		 0		 0			 9			 0			19			11
2022-10-23 18:57:20	 0		 1		 0		 0			 9			 0			19			11
2022-10-23 19:07:31	 0		 1		 0		 0			 9			 0			20			11
2022-10-23 19:17:23	 0		 0		 0		 0			 9			 0			20			11
2022-10-23 19:27:14	 0		 0		 0		 0			 9			 0			20			11
2022-10-23 19:37:33	 0		 0		 0		 0			 9			 0			20			11
2022-10-23 19:47:14	 1		 0		 0		 0			 8			 0			20			10
2022-10-23 19:57:18	 1		 0		 0		 1			 8			 0			20			10
2022-10-23 20:07:31	 1		 0		 0		 1			 9			 0			20			10
2022-10-23 20:17:29	 1		 0		 0		 1			 9			 0			20			12
2022-10-23 20:27:35	 1		 0		 0		 0			 9			 0			20			11
2022-10-23 20:37:30	 1		 0		 0		 0			 8			 0			20			11
2022-10-23 20:47:36	 2		 0		 0		 0			 8			 0			20			11
2022-10-23 20:57:30	 1		 0		 0		 0			 8			 0			20			11
2022-10-23 21:07:39	 1		 0		 0		 0			 9			 0			20			11
2022-10-23 21:17:34	 1		 0		 0		 0			 9			 0			20			11
2022-10-23 21:27:26	 1		 0		 0		 1			 9			 0			20			11
2022-10-23 21:37:30	 1		 0		 0		 1			 8			 0			20			11
2022-10-23 21:47:35	 1		 0		 0		 0			 8			 0			20			11
2022-10-23 21:57:39	 1		 0		 0		 0			 8			 0			20			11
2022-10-23 22:07:31	 1		 0		 0		 0			 8			 0			20			11
2022-10-23 22:17:23	 1		 0		 0		 0			 8			 0			20			11
2022-10-23 22:27:39	 1		 0		 0		 0			 8			 0			20			11
2022-10-23 22:37:36	 2		 0		 0		 0			 8			 0			20			11
2022-10-23 22:47:25	 2		 0		 0		 0			 8			 0			20			11
2022-10-23 22:57:19	 2		 0		 0		 0			 8			 0			20			12
2022-10-23 23:07:40	 2		 0		 0		 0			 8			 0			20			12
2022-10-23 23:17:25	 2		 0		 0		 0			 8			 0			20			12
2022-10-23 23:27:28	 3		 0		 0		 0			 8			 0			20			12
2022-10-23 23:37:34	 3		 0		 0		 0			 8			 0			20			12
2022-10-23 23:47:24	 3		 0		 0		 0			 8			 0			20			12
2022-10-23 23:57:37	 3		 0		 0		 0			 8			 0			20			12
2022-10-24 00:07:28	 3		 0		 0		 0			 7			 0			20			12
2022-10-24 00:17:41	 3		 0		 0		 0			 7			 0			20			12
2022-10-24 00:27:36	 2		 0		 0		 0			 6			 0			20			12
2022-10-24 00:37:38	 2		 0		 0		 0			 6			 0			20			12
2022-10-24 00:47:47	 2		 0		 0		 0			 6			 0			20			12
2022-10-24 00:57:42	 2		 0		 0		 0			 6			 0			20			12
2022-10-24 01:07:31	 2		 0		 0		 0			 6			 0			20			12
2022-10-24 01:17:31	 2		 0		 0		 0			 6			 0			20			12
2022-10-24 01:27:45	 2		 0		 0		 0			 6			 0			20			12
2022-10-24 01:37:44	 2		 0		 0		 0			 6			 0			20			12
2022-10-24 01:47:48	 2		 0		 0		 0			 6			 0			20			12
2022-10-24 01:57:42	 2		 0		 0		 0			 6			 0			20			12
2022-10-24 02:07:38	 2		 0		 0		 0			 6			 0			20			12
2022-10-24 02:17:30	 2		 0		 0		 0			 6			 0			20			12
2022-10-24 02:27:40	 2		 0		 0		 0			 6			 0			20			12
2022-10-24 02:37:52	 2		 0		 0		 0			 6			 0			20			12
2022-10-24 02:47:48	 2		 0		 0		 0			 6			 0			20			12
2022-10-24 02:57:31	 2		 0		 0		 0			 6			 0			20			12
2022-10-24 03:07:39	 2		 0		 0		 0			 6			 0			20			12
2022-10-24 03:17:45	 2		 0		 0		 0			 6			 0			20			12
2022-10-24 03:27:53	 2		 0		 0		 0			 6			 0			20			12
2022-10-24 03:37:38	 2		 0		 0		 0			 6			 0			20			12
2022-10-24 03:47:48	 2		 0		 0		 0			 6			 0			20			12
2022-10-24 03:57:52	 2		 0		 0		 0			 6			 0			20			12
2022-10-24 04:07:45	 2		 0		 0		 0			 6			 0			20			12
2022-10-24 04:17:45	 2		 0		 0		 0			 6			 0			20			12
2022-10-24 04:27:41	 2		 0		 0		 0			 6			 0			20			12
2022-10-24 04:37:42	 2		 0		 0		 0			 6			 0			20			12
2022-10-24 04:47:48	 2		 0		 0		 0			 6			 0			20			12
2022-10-24 04:57:37	 2		 0		 0		 0			 6			 0			20			12
2022-10-24 05:07:50	 2		 0		 0		 0			 6			 0			20			12
2022-10-24 05:17:47	 2		 0		 0		 0			 6			 0			20			12
2022-10-24 05:27:51	 2		 0		 0		 0			 6			 0			20			12
2022-10-24 05:37:43	 2		 0		 0		 0			 6			 0			20			12
2022-10-24 05:47:57	 2		 0		 0		 0			 6			 0			20			12
2022-10-24 05:57:45	 2		 0		 0		 0			 6			 0			20			12
2022-10-24 06:07:40	 2		 0		 0		 0			 6			 0			20			12
2022-10-24 06:17:58	 2		 0		 0		 0			 6			 0			20			12
2022-10-24 06:27:46	 2		 0		 0		 0			 6			 0			19			13
2022-10-24 06:37:58	 2		 0		 0		 0			 6			 0			19			13
2022-10-24 06:47:49	 2		 0		 0		 0			 6			 0			20			13
2022-10-24 06:57:41	 2		 0		 0		 0			 6			 0			20			13
2022-10-24 07:07:43	 2		 0		 0		 0			 6			 0			20			13
2022-10-24 07:17:44	 2		 0		 0		 0			 7			 0			20			14
2022-10-24 07:27:47	 2		 0		 0		 0			 6			 0			20			14
2022-10-24 07:37:36	 1		 0		 0		 0			 6			 0			20			14
2022-10-24 07:47:49	 1		 0		 0		 0			 6			 0			20			18
2022-10-24 07:57:41	 1		 0		 0		 0			 6			 0			20			17
2022-10-24 08:07:57	 1		 0		 0		 1			 6			 0			20			15
2022-10-24 08:17:43	 1		 0		 0		 0			 6			 0			19			16
2022-10-24 08:27:44	 0		 0		 0		 1			 6			 0			20			14
2022-10-24 08:37:56	 0		 0		 0		 0			 7			 0			20			18
2022-10-24 08:47:46	 0		 0		 0		 1			 6			 0			20			23
2022-10-24 08:58:04	 0		 0		 0		 0			 6			 0			20			26
2022-10-24 09:07:44	 0		 0		 0		 0			 8			 0			20			27
2022-10-24 09:17:49	 0		 0		 0		 0			 7			 1			20			27
2022-10-24 09:27:55	 0		 0		 0		 0			 7			 1			20			28
2022-10-24 09:38:07	 0		 0		 0		 0			 7			 3			20			30
2022-10-24 09:48:03	 0		 0		 0		 0			 7			 3			20			30
2022-10-24 09:58:04	 0		 0		 0		 0			 7			 3			20			30
2022-10-24 10:08:08	 0		 0		 0		 0			 7			 3			19			30
2022-10-24 10:17:58	 0		 0		 0		 0			 5			 3			19			30
2022-10-24 10:28:05	 0		 0		 0		 0			 5			 3			19			29
2022-10-24 10:37:59	 0		 0		 0		 0			 5			 3			19			29
2022-10-24 10:47:51	 0		 0		 0		 0			 5			 3			20			30
2022-10-24 10:57:55	 0		 0		 0		 0			 5			 4			20			23
2022-10-24 11:07:53	 0		 0		 0		 0			 5			 4			20			13
2022-10-24 11:18:10	 0		 0		 0		 0			 5			 4			20			13
2022-10-24 11:27:50	 0		 0		 0		 0			 5			 4			20			13
2022-10-24 11:37:58	 0		 0		 0		 0			 5			 4			20			14
2022-10-24 11:48:03	 0		 0		 0		 0			 5			 4			20			15
2022-10-24 11:58:06	 0		 0		 0		 0			 5			 4			20			15
2022-10-24 12:07:50	 0		 0		 0		 1			 5			 4			20			16
2022-10-24 12:18:07	 0		 0		 0		 1			 5			 4			 3			17
2022-10-24 12:27:55	 0		 0		 0		 0			 4			 4			 3			17
2022-10-24 12:38:09	 0		 0		 0		 0			 4			 4			 4			17
2022-10-24 12:48:05	 0		 0		 0		 0			 4			 4			 4			17
2022-10-24 12:58:06	 0		 0		 0		 0			 3			 4			 5			17
2022-10-24 13:07:56	 0		 0		 0		 0			 3			 4			 5			19
2022-10-24 13:18:13	 0		 1		 0		 0			 3			 4			 5			19
2022-10-24 13:28:09	 0		 1		 0		 0			 3			 4			 5			20
2022-10-24 13:38:04	 0		 1		 0		 0			 3			 4			 5			20
2022-10-24 13:47:59	 0		 1		 0		 0			 4			 4			 5			21
2022-10-24 13:58:12	 0		 1		 0		 0			 5			 4			 5			20
2022-10-24 14:07:56	 0		 1		 0		 1			 5			 4			 5			20
2022-10-24 14:18:12	 0		 1		 0		 1			 5			 4			 5			19
2022-10-24 14:28:07	 0		 0		 0		 0			 3			 4			 5			19
2022-10-24 14:38:18	 0		 0		 0		 0			 3			 4			 6			19
2022-10-24 14:48:12	 0		 0		 0		 0			 3			 4			 6			19
2022-10-24 14:58:01	 0		 0		 0		 0			 3			 4			 6			19
2022-10-24 15:08:20	 0		 0		 0		 0			 1			 4			 5			19
2022-10-24 15:18:01	 0		 0		 0		 0			 1			 4			 5			20
2022-10-24 15:28:18	 0		 0		 0		 0			 1			 4			 5			20
2022-10-24 15:38:17	 0		 0		 0		 0			 1			 4			 5			19
2022-10-24 15:48:17	 0		 0		 0		 0			 1			 4			 5			19
2022-10-24 15:58:05	 0		 1		 0		 0			 1			 4			 4			18
2022-10-24 16:08:19	 0		 1		 0		 0			 1			 4			 4			18
2022-10-24 16:18:10	 0		 1		 0		 0			 0			 3			 5			18
2022-10-24 16:28:15	 0		 1		 0		 0			 0			 3			 5			18
2022-10-24 16:38:18	 0		 2		 0		 0			 0			 2			 6			18
2022-10-24 16:48:10	 0		 2		 0		 1			 0			 2			 6			18
2022-10-24 16:58:17	 1		 3		 0		 1			 0			 2			 5			17
2022-10-24 17:08:07	 2		 3		 0		 1			 1			 2			 5			17
2022-10-24 17:18:21	 2		 3		 0		 3			 1			 1			 4			16
2022-10-24 17:28:19	 2		 3		 2		 7			 0			 1			 4			16
2022-10-24 17:38:21	 1		 3		 2		 7			 0			 0			 4			16
2022-10-24 17:48:10	 1		 2		 2		 7			 0			 0			 4			16
2022-10-24 17:58:10	 1		 2		 2		 7			 0			 0			 4			17
2022-10-24 18:08:18	 1		 2		 2		 7			 1			 0			 4			16
2022-10-24 18:18:13	 1		 1		 1		 7			 1			 0			 3			16
2022-10-24 18:28:15	 1		 1		 1		 7			 2			 0			 4			16
2022-10-24 18:38:15	 1		 1		 1		 6			 2			 0			 2			16
2022-10-24 18:48:19	 2		 1		 1		 6			 2			 0			 2			17
2022-10-24 18:58:05	 2		 1		 1		 7			 2			 0			 2			17
2022-10-24 19:08:15	 3		 2		 1		 6			 2			 0			 2			17
2022-10-24 19:18:25	 3		 2		 1		 7			 2			 0			 2			17
2022-10-24 19:28:29	 3		 2		 1		 6			 2			 0			 2			17
2022-10-24 19:38:22	 3		 2		 1		 6			 2			 0			 2			17
2022-10-24 19:48:29	 3		 2		 1		 6			 2			 0			 3			17
2022-10-24 19:58:25	 3		 0		 1		 7			 2			 0			 3			16
2022-10-24 20:08:25	 3		 0		 1		 8			 2			 0			 1			16
2022-10-24 20:18:30	 3		 0		 1		 9			 2			 0			 1			16
2022-10-24 20:28:18	 3		 0		 1		 9			 2			 0			 1			16
2022-10-24 20:38:19	 4		 0		 1		 9			 2			 0			 1			16
2022-10-24 20:48:23	 4		 0		 1		 9			 2			 0			 1			16
2022-10-24 20:58:30	 4		 0		 1		 9			 2			 0			 1			16
2022-10-24 21:08:29	 4		 0		 1		 9			 2			 0			 1			16
2022-10-24 21:18:13	 4		 0		 1		10			 2			 0			 1			16
2022-10-24 21:28:21	 4		 0		 1		10			 2			 0			 1			16
2022-10-24 21:38:20	 4		 0		 1		10			 2			 0			 1			16
2022-10-24 21:48:18	 4		 0		 1		10			 2			 0			 2			16
2022-10-24 21:58:27	 4		 0		 1		 9			 2			 0			 2			16
2022-10-24 22:08:16	 4		 0		 1		 9			 2			 0			 3			16
2022-10-24 22:18:24	 4		 0		 1		 9			 2			 0			 3			16
2022-10-24 22:28:27	 4		 0		 1		 9			 2			 0			 3			15
2022-10-24 22:38:27	 4		 0		 1		 9			 2			 0			 3			15
2022-10-24 22:48:35	 4		 0		 1		 9			 2			 0			 3			15
2022-10-24 22:58:38	 4		 0		 1		 9			 2			 0			 3			15
2022-10-24 23:08:33	 4		 0		 1		 9			 2			 0			 3			15
2022-10-24 23:18:25	 4		 0		 1		 9			 1			 0			 3			15
2022-10-24 23:28:38	 4		 0		 1		 9			 1			 0			 3			15
2022-10-24 23:38:32	 4		 0		 1		 9			 1			 0			 3			15
2022-10-24 23:48:33	 4		 0		 1		 9			 1			 0			 3			15
2022-10-24 23:58:19	 4		 0		 1		 9			 1			 0			 3			15
2022-10-25 00:08:38	 4		 0		 1		 9			 1			 0			 3			15
2022-10-25 00:18:37	 4		 0		 1		 9			 1			 0			 3			15
2022-10-25 00:28:28	 4		 0		 1		 9			 2			 0			 3			15
2022-10-25 00:38:21	 4		 0		 1		 9			 2			 0			 3			15
2022-10-25 00:48:38	 4		 0		 1		 9			 2			 0			 3			15
2022-10-25 00:58:26	 4		 0		 1		 9			 2			 0			 3			15
2022-10-25 01:08:42	 4		 0		 1		 9			 2			 0			 3			15
2022-10-25 01:18:34	 4		 0		 1		 9			 2			 0			 3			15
2022-10-25 01:28:29	 4		 0		 1		 9			 2			 0			 3			15
2022-10-25 01:38:25	 4		 0		 1		 9			 2			 0			 3			15
2022-10-25 01:48:38	 4		 0		 1		 9			 2			 0			 3			15
2022-10-25 01:58:41	 4		 0		 1		 9			 2			 0			 3			15
2022-10-25 02:08:40	 4		 0		 1		 9			 2			 0			 3			15
2022-10-25 02:18:43	 4		 0		 1		 9			 2			 0			 3			15
2022-10-25 02:28:39	 4		 0		 1		 9			 2			 0			 3			15
2022-10-25 02:38:30	 4		 0		 1		 9			 2			 0			 3			15
2022-10-25 02:48:35	 4		 0		 1		 9			 2			 0			 3			15
2022-10-25 02:58:46	 4		 0		 1		 9			 2			 0			 3			15
2022-10-25 03:08:39	 4		 0		 1		 9			 2			 0			 3			15
2022-10-25 03:18:36	 4		 0		 1		 9			 2			 0			 3			15
2022-10-25 03:28:35	 4		 0		 1		 9			 2			 0			 3			15
2022-10-25 03:38:46	 4		 0		 1		 9			 2			 0			 3			15
2022-10-25 03:48:32	 4		 0		 1		 9			 2			 0			 3			15
2022-10-25 03:58:40	 4		 0		 1		 9			 2			 0			 3			15
2022-10-25 04:08:41	 4		 0		 1		 9			 2			 0			 3			15
2022-10-25 04:18:38	 4		 0		 1		 9			 2			 0			 3			15
2022-10-25 04:28:47	 4		 0		 1		 9			 2			 0			 3			15
2022-10-25 04:38:43	 4		 0		 1		 9			 2			 0			 3			15
2022-10-25 04:48:42	 4		 0		 1		 9			 2			 0			 3			15
2022-10-25 04:58:45	 4		 0		 1		 9			 2			 0			 3			15
2022-10-25 05:08:41	 4		 0		 1		 9			 2			 0			 3			15
2022-10-25 05:18:50	 4		 1		 1		 9			 2			 0			 3			15
2022-10-25 05:28:44	 4		 1		 1		 9			 2			 0			 3			15
2022-10-25 05:38:52	 3		 1		 1		 9			 2			 0			 3			15
2022-10-25 05:48:40	 2		 1		 1		 9			 2			 0			 3			15
2022-10-25 05:58:46	 2		 1		 1		 9			 2			 0			 3			15
2022-10-25 06:08:38	 2		 1		 1		 9			 2			 0			 3			15
2022-10-25 06:18:54	 2		 1		 1		 9			 1			 0			 3			15
2022-10-25 06:28:57	 2		 1		 1		 9			 2			 0			 4			15
2022-10-25 06:38:53	 2		 0		 1		 9			 3			 0			 6			15
2022-10-25 06:48:45	 2		 0		 1		 9			 3			 0			 6			14
2022-10-25 06:58:41	 2		 0		 1		 7			 3			 0			 7			14
2022-10-25 07:08:37	 2		 0		 1		 7			 5			 0			 8			14
2022-10-25 07:18:54	 2		 0		 1		 5			 7			 0			 9			14
2022-10-25 07:28:55	 2		 0		 1		 5			 6			 0			 9			13
2022-10-25 07:38:40	 2		 0		 1		 4			 6			 0			10			14
2022-10-25 07:48:41	 1		 0		 1		 4			 7			 0			11			14
2022-10-25 07:58:39	 0		 0		 1		 4			 7			 0			11			14
2022-10-25 08:08:42	 0		 0		 1		 4			 6			 0			10			15
2022-10-25 08:18:39	 0		 0		 0		 4			 6			 0			10			16
2022-10-25 08:28:58	 0		 0		 0		 4			 9			 0			11			17
2022-10-25 08:38:58	 0		 0		 0		 5			 9			 0			12			17
2022-10-25 08:48:53	 0		 0		 0		 0			 9			 0			13			19
2022-10-25 08:58:56	 0		 0		 0		 0			 8			 0			15			21
2022-10-25 09:08:53	 0		 0		 0		 0			 9			 0			15			21
2022-10-25 09:18:54	 0		 0		 0		 0			 9			 0			15			23
2022-10-25 09:28:57	 0		 1		 0		 0			 9			 0			15			24
2022-10-25 09:38:54	 0		 1		 0		 0			 9			 0			15			24
2022-10-25 09:48:43	 0		 1		 0		 0			 9			 0			15			25
2022-10-25 09:59:01	 0		 0		 0		 0			 9			 0			15			25
2022-10-25 10:09:05	 0		 0		 0		 1			 9			 0			15			25
2022-10-25 10:20:57	 0		 0		 0		12			 9			 0			15			25
2022-10-25 10:30:49	 0		 0		 0		19			 9			 0			15			25
2022-10-25 10:40:47	 0		 0		 0		20			 9			 0			15			25
2022-10-25 10:50:55	 0		 0		 0		19			 9			 1			15			25
2022-10-25 11:00:57	 0		 0		 0		19			 9			 1			15			25
2022-10-25 11:10:52	 0		 0		 0		19			 8			 1			15			25
2022-10-25 11:20:46	 0		 0		 0		18			 8			 1			15			25
2022-10-25 11:30:48	 0		 0		 0		18			 8			 1			15			24
2022-10-25 11:40:55	 0		 0		 0		18			 8			 1			15			24
2022-10-25 11:50:53	 0		 0		 0		18			 8			 1			15			25
2022-10-25 12:01:05	 0		 0		 0		18			 8			 1			15			25
2022-10-25 12:10:49	 0		 0		 0		18			 8			 1			15			26
2022-10-25 12:20:46	 0		 0		 0		17			 5			 1			15			25
2022-10-25 12:31:08	 1		 0		 0		17			 5			 1			16			25
2022-10-25 12:40:57	 1		 0		 0		17			 5			 1			16			25
2022-10-25 12:50:57	 1		 1		 0		17			 4			 1			16			25
2022-10-25 13:00:53	 1		 1		 0		17			 4			 1			16			26
2022-10-25 13:10:52	 1		 1		 0		17			 4			 1			15			26
2022-10-25 13:20:51	 1		 1		 0		16			 4			 1			15			26
2022-10-25 13:30:51	 1		 0		 0		16			 4			 1			15			27
2022-10-25 13:41:06	 1		 0		 0		15			 4			 1			15			27
2022-10-25 13:50:55	 1		 0		 0		15			 5			 0			15			28
2022-10-25 14:00:58	 2		 0		 0		15			 6			 0			15			27
2022-10-25 14:10:55	 2		 0		 0		15			 6			 0			16			26
2022-10-25 14:21:09	 2		 1		 0		16			 6			 0			16			26
2022-10-25 14:31:01	 2		 1		 0		15			 6			 0			15			25
2022-10-25 14:41:10	 2		 1		 0		15			 6			 0			16			25
2022-10-25 14:50:58	 2		 2		 0		16			 6			 0			16			25
2022-10-25 15:00:57	 2		 2		 0		16			 5			 0			16			26
2022-10-25 15:11:13	 2		 2		 1		16			 4			 0			16			26
2022-10-25 15:21:00	 1		 3		 1		16			 5			 0			17			27
2022-10-25 15:30:56	 2		 3		 1		15			 4			 0			16			26
2022-10-25 15:40:56	 2		 3		 1		16			 4			 0			16			26
2022-10-25 15:51:05	 2		 3		 1		16			 4			 0			18			27
2022-10-25 16:01:06	 2		 3		 1		16			 4			 0			17			27
2022-10-25 16:11:06	 2		 3		 1		16			 3			 0			16			27
2022-10-25 16:21:02	 1		 3		 1		16			 3			 0			15			27
2022-10-25 16:31:11	 1		 3		 1		16			 3			 0			15			25
2022-10-25 16:41:05	 2		 3		 1		15			 3			 0			14			26
2022-10-25 16:51:13	 2		 2		 1		15			 3			 1			14			26
2022-10-25 17:01:07	 2		 2		 1		16			 3			 0			12			26
2022-10-25 17:11:12	 2		 2		 1		15			 1			 0			12			26
2022-10-25 17:21:01	 2		 1		 1		15			 1			 0			11			26
2022-10-25 17:31:01	 2		 1		 1		17			 1			 0			11			26
2022-10-25 17:41:17	 2		 0		 1		19			 1			 0			11			26
2022-10-25 17:50:54	 3		 0		 1		18			 1			 0			11			27
2022-10-25 18:01:05	 3		 0		 1		17			 2			 0			 8			27
2022-10-25 18:11:08	 3		 0		 1		19			 1			 0			 9			27
2022-10-25 18:21:17	 4		 0		 1		20			 1			 0			 7			27
2022-10-25 18:31:19	 4		 0		 1		19			 1			 0			 7			27
2022-10-25 18:40:58	 4		 0		 1		21			 1			 0			 7			27
2022-10-25 18:51:19	 5		 0		 1		22			 1			 0			 7			27
2022-10-25 19:01:17	 5		 0		 1		22			 2			 0			 5			27
2022-10-25 19:11:05	 6		 0		 1		23			 2			 0			 5			27
2022-10-25 19:21:13	 6		 0		 1		23			 0			 0			 5			27
2022-10-25 19:31:19	 7		 0		 1		22			 0			 0			 6			26
2022-10-25 19:41:10	 7		 0		 1		21			 0			 0			 6			26
2022-10-25 19:51:16	 5		 0		 1		20			 0			 0			 6			27
2022-10-25 20:01:21	 5		 0		 1		19			 1			 0			 6			27
2022-10-25 20:11:23	 5		 0		 1		19			 1			 0			 6			14
2022-10-25 20:21:05	 6		 0		 1		19			 2			 0			 5			12
2022-10-25 20:31:18	 6		 0		 1		19			 2			 0			 5			12
2022-10-25 20:41:15	 6		 0		 1		19			 2			 0			 5			12
2022-10-25 20:51:19	 6		 0		 1		19			 2			 0			 5			11
2022-10-25 21:01:10	 6		 0		 1		19			 2			 0			 4			11
2022-10-25 21:11:17	 7		 0		 1		19			 2			 0			 4			11
2022-10-25 21:21:13	 7		 0		 1		19			 2			 0			 4			11
2022-10-25 21:31:16	 8		 0		 1		19			 2			 0			 4			11
2022-10-25 21:41:11	 8		 0		 1		19			 2			 0			 4			10
2022-10-25 21:51:07	 8		 0		 1		19			 2			 0			 5			10
2022-10-25 22:01:12	 8		 1		 1		19			 2			 0			 4			10
2022-10-25 22:11:19	 8		 1		 1		19			 2			 0			 4			10
2022-10-25 22:21:18	 9		 1		 1		19			 1			 0			 4			10
2022-10-25 22:31:28	 9		 1		 1		20			 1			 0			 4			10
2022-10-25 22:41:31	 9		 1		 2		20			 1			 0			 4			10
2022-10-25 22:51:22	 9		 2		 2		21			 1			 0			 4			10
2022-10-25 23:01:27	 9		 2		 2		21			 1			 0			 4			10
2022-10-25 23:11:13	 9		 2		 2		21			 1			 0			 4			 9
2022-10-25 23:21:18	10		 2		 2		21			 1			 0			 4			 9
2022-10-25 23:31:29	10		 2		 2		20			 1			 0			 4			 9
2022-10-25 23:41:32	10		 2		 3		20			 1			 0			 4			 9
2022-10-25 23:51:25	10		 2		 3		21			 1			 0			 4			 9
2022-10-26 00:01:32	10		 2		 3		21			 1			 0			 4			 9
2022-10-26 00:11:31	10		 2		 3		21			 0			 0			 4			 9
2022-10-26 00:21:33	11		 2		 3		21			 0			 0			 4			 9
2022-10-26 00:31:35	11		 2		 3		21			 0			 0			 4			 9
2022-10-26 00:41:27	11		 2		 3		21			 0			 0			 4			 9
2022-10-26 00:51:16	11		 2		 3		20			 0			 0			 4			 9
2022-10-26 01:01:26	12		 2		 3		20			 0			 0			 4			 9
2022-10-26 01:11:35	12		 2		 3		20			 0			 0			 4			 9
2022-10-26 01:21:16	12		 2		 3		20			 0			 0			 4			 9
2022-10-26 01:31:27	12		 2		 3		20			 0			 0			 4			 9
2022-10-26 01:41:31	12		 2		 3		20			 0			 0			 4			 9
2022-10-26 01:51:23	12		 2		 3		20			 0			 0			 4			 9
2022-10-26 02:01:29	12		 2		 3		20			 0			 0			 4			 9
2022-10-26 02:11:20	12		 2		 3		20			 0			 0			 4			 9
2022-10-26 02:21:37	12		 2		 3		20			 0			 0			 4			 9
2022-10-26 02:31:40	12		 2		 3		20			 0			 0			 4			 9
2022-10-26 02:41:24	12		 2		 3		20			 0			 0			 4			 9
2022-10-26 02:51:34	12		 2		 3		20			 0			 0			 4			 9
2022-10-26 03:01:40	12		 2		 3		20			 0			 0			 4			 9
2022-10-26 03:11:25	12		 2		 3		20			 0			 0			 4			 9
2022-10-26 03:21:36	12		 2		 3		20			 0			 0			 4			 9
2022-10-26 03:31:24	12		 2		 3		20			 0			 0			 4			 9
2022-10-26 03:41:28	12		 2		 3		20			 0			 0			 4			 9
2022-10-26 03:51:28	12		 2		 3		20			 0			 0			 4			 9
2022-10-26 04:01:26	12		 2		 3		20			 0			 0			 4			 9
2022-10-26 04:11:26	12		 2		 3		20			 0			 0			 4			 9
2022-10-26 04:21:42	12		 2		 3		20			 0			 0			 4			 9
2022-10-26 04:31:37	12		 2		 3		20			 0			 0			 4			 9
2022-10-26 04:41:35	12		 2		 3		20			 0			 0			 4			 9
2022-10-26 04:51:43	12		 2		 3		20			 0			 0			 4			 9
2022-10-26 05:01:32	12		 2		 3		20			 0			 0			 4			 9
2022-10-26 05:11:27	12		 2		 3		20			 0			 0			 4			 9
2022-10-26 05:21:29	12		 3		 3		20			 0			 0			 4			 9
2022-10-26 05:31:32	12		 3		 3		20			 0			 0			 4			 9
2022-10-26 05:41:32	12		 3		 3		20			 0			 0			 4			10
2022-10-26 05:51:38	12		 3		 3		20			 0			 0			 4			10
2022-10-26 06:01:46	12		 3		 3		20			 0			 0			 4			10
2022-10-26 06:11:43	12		 3		 3		20			 0			 0			 4			10
2022-10-26 06:21:40	12		 2		 3		20			 0			 0			 4			10
2022-10-26 06:31:44	11		 2		 3		19			 0			 0			 4			10
2022-10-26 06:41:49	11		 1		 3		19			 1			 0			 5			10
2022-10-26 06:51:35	11		 1		 3		19			 1			 0			 4			10
2022-10-26 07:01:32	11		 1		 3		20			 1			 0			 4			 9
2022-10-26 07:11:33	11		 1		 3		20			 3			 0			 5			10
2022-10-26 07:21:37	10		 0		 3		18			 3			 0			 5			10
2022-10-26 07:31:33	10		 0		 3		18			 3			 0			 6			11
2022-10-26 07:41:48	 9		 0		 3		16			 4			 0			 8			10
2022-10-26 07:51:39	 9		 0		 3		17			 5			 0			 8			12
2022-10-26 08:01:38	 9		 0		 3		17			 5			 0			 9			13
2022-10-26 08:11:39	 8		 0		 3		16			 5			 0			 8			15
2022-10-26 08:21:34	 8		 0		 3		15			 5			 0			 9			14
2022-10-26 08:31:49	 7		 1		 3		14			 5			 1			13			14
2022-10-26 08:41:36	 6		 2		 3		11			 6			 1			13			13
2022-10-26 08:51:43	 4		 3		 3		10			 6			 2			12			13
2022-10-26 09:01:48	 0		 4		 3		 9			 5			 1			13			15
2022-10-26 09:11:43	 0		 3		 3		 7			 3			 1			13			16
2022-10-26 09:21:41	 0		 3		 3		 6			 3			 1			16			16
2022-10-26 09:31:45	 0		 3		 3		 5			 3			 1			16			17
2022-10-26 09:41:40	 0		 2		 3		 4			 2			 1			16			17
2022-10-26 09:51:41	 0		 2		 3		 2			 2			 2			17			17
2022-10-26 10:01:41	 0		 1		 3		 3			 3			 3			17			18
2022-10-26 10:11:57	 0		 0		 3		 3			 3			 3			17			19
2022-10-26 10:21:45	 0		 0		 3		 2			 4			 3			17			20
2022-10-26 10:31:48	 0		 0		 3		 1			 4			 3			17			20
2022-10-26 10:41:43	 0		 0		 3		 1			 4			 3			17			20
2022-10-26 10:52:01	 0		 0		 2		 1			 4			 3			17			21
2022-10-26 11:01:56	 0		 0		 0		 1			 4			 3			19			21
2022-10-26 11:11:59	 0		 0		 0		 1			 4			 4			18			22
2022-10-26 11:21:57	 0		 0		 0		 1			 4			 4			18			22
2022-10-26 11:31:43	 0		 0		 0		 1			 4			 4			18			22
2022-10-26 11:41:57	 0		 0		 0		 1			 4			 4			18			22
2022-10-26 11:51:46	 0		 0		 0		 0			 4			 4			19			22
2022-10-26 12:02:05	 0		 0		 0		 0			 4			 4			19			23
2022-10-26 12:12:02	 0		 0		 0		 0			 4			 4			19			23
2022-10-26 12:21:50	 0		 0		 0		 0			 4			 4			18			23
2022-10-26 12:31:45	 0		 0		 0		 0			 4			 4			18			23
2022-10-26 12:42:01	 0		 0		 0		 0			 3			 4			18			23
2022-10-26 12:51:57	 0		 0		 0		 0			 4			 4			19			23
2022-10-26 13:02:03	 0		 0		 0		 0			 4			 4			20			23
2022-10-26 13:12:05	 0		 0		 0		 0			 5			 4			20			23
2022-10-26 13:21:58	 0		 0		 0		 0			 5			 4			20			23
2022-10-26 13:31:51	 0		 0		 0		 0			 5			 4			20			24
2022-10-26 13:41:49	 1		 0		11		 0			 5			 0			20			17
2022-10-26 13:51:56	 1		 0		11		 1			 5			 0			20			17
2022-10-26 14:02:11	 0		 0		11		 1			 5			 0			20			17
2022-10-26 14:11:59	 0		 0		11		 1			 5			 0			20			17
2022-10-26 14:21:49	 0		 0		11		 2			 5			 0			20			15
2022-10-26 14:31:59	 0		 0		10		 2			 5			 0			20			15
2022-10-26 14:42:06	 0		 0		10		 2			 5			 0			18			15
2022-10-26 14:52:08	 0		 0		10		 2			 5			 0			18			15
2022-10-26 15:02:03	 1		 1		10		 2			 4			 0			18			15
2022-10-26 15:12:11	 1		 1		10		 3			 4			 1			19			15
2022-10-26 15:22:07	 0		 0		10		 3			 4			 0			19			15
2022-10-26 15:32:13	 0		 1		10		 1			 4			 0			19			15
2022-10-26 15:41:55	 0		 1		10		 0			 4			 0			19			15
2022-10-26 15:52:05	 0		 2		10		 1			 5			 0			20			15
2022-10-26 16:02:07	 0		 2		10		 2			 4			 0			20			15
2022-10-26 16:11:58	 1		 2		10		 3			 4			 0			20			14
2022-10-26 16:22:07	 0		 2		10		 1			 4			 0			20			14
2022-10-26 16:32:15	 0		 2		10		 0			 5			 1			18			14
2022-10-26 16:41:51	 0		 2		10		 1			 5			 0			17			14
2022-10-26 16:52:08	 0		 2		10		 1			 5			 0			16			14
2022-10-26 17:01:58	 0		 2		10		 0			 6			 0			15			14
2022-10-26 17:12:03	 2		 1		 9		 2			 6			 0			15			13
2022-10-26 17:22:11	 1		 1		 9		 1			 6			 0			13			12
2022-10-26 17:32:08	 2		 0		 9		 0			 6			 1			12			12
2022-10-26 17:42:06	 2		 0		 9		 1			 6			 1			12			12
2022-10-26 17:51:59	 2		 0		 9		 1			 6			 1			12			13
2022-10-26 18:02:13	 2		 0		 9		 3			 4			 1			12			13
2022-10-26 18:12:14	 4		 0		 8		 3			 4			 0			11			13
2022-10-26 18:22:11	 2		 0		 8		 4			 4			 1			12			13
2022-10-26 18:32:03	 2		 0		 9		 4			 4			 1			11			13
2022-10-26 18:42:01	 2		 0		10		 3			 4			 2			11			13
2022-10-26 18:52:05	 2		 0		10		 5			 2			 1			12			13
2022-10-26 19:02:04	 1		 0		10		 6			 2			 1			12			13
2022-10-26 19:12:18	 0		 1		11		 6			 2			 1			13			13
2022-10-26 19:22:12	 0		 1		11		 6			 1			 0			13			13
2022-10-26 19:32:04	 0		 0		11		 6			 1			 0			13			13
2022-10-26 19:42:10	 0		 0		11		 6			 1			 0			13			13
2022-10-26 19:52:05	 0		 0		11		 6			 1			 0			13			13
2022-10-26 20:02:07	 0		 0		11		 5			 1			 0			13			13
2022-10-26 20:12:07	 0		 0		11		 6			 1			 0			13			13
2022-10-26 20:22:09	 0		 0		11		 6			 1			 0			13			13
2022-10-26 20:32:04	 0		 0		11		 6			 1			 1			13			13
2022-10-26 20:42:16	 0		 0		11		 7			 1			 1			13			13
2022-10-26 20:52:23	 0		 0		11		 6			 1			 1			13			13
2022-10-26 21:02:18	 1		 0		11		 6			 1			 1			12			13
2022-10-26 21:12:27	 1		 1		11		 6			 0			 0			12			13
2022-10-26 21:22:22	 1		 1		11		 6			 0			 0			12			13
2022-10-26 21:32:18	 0		 1		11		 6			 0			 0			12			13
2022-10-26 21:42:08	 1		 1		11		 6			 0			 0			12			13
2022-10-26 21:52:19	 1		 2		11		 5			 0			 0			12			12
2022-10-26 22:02:14	 1		 2		11		 7			 2			 0			12			12
2022-10-26 22:12:25	 1		 2		11		 7			 2			 0			11			12
2022-10-26 22:22:14	 1		 2		11		 7			 2			 0			11			13
2022-10-26 22:32:25	 2		 2		11		 7			 2			 0			11			13
2022-10-26 22:42:09	 2		 2		11		 7			 2			 0			11			13
2022-10-26 22:52:12	 2		 2		11		 7			 2			 0			11			13
2022-10-26 23:02:23	 2		 2		11		 7			 2			 0			11			13
2022-10-26 23:12:31	 2		 2		11		 7			 1			 0			11			13
2022-10-26 23:22:15	 2		 2		11		 8			 1			 0			11			13
2022-10-26 23:32:21	 2		 1		11		 8			 1			 0			11			13
2022-10-26 23:42:26	 2		 1		11		 8			 1			 0			11			13
2022-10-26 23:52:13	 2		 1		11		 8			 1			 0			11			13
2022-10-27 00:02:20	 2		 1		11		 8			 1			 0			11			13
2022-10-27 00:12:29	 2		 1		11		 8			 2			 0			11			13
2022-10-27 00:22:27	 2		 1		11		 8			 2			 0			11			13
2022-10-27 00:32:18	 2		 1		11		 8			 2			 0			11			13
2022-10-27 00:42:13	 2		 1		11		 8			 2			 0			11			13
2022-10-27 00:52:18	 2		 1		11		 8			 2			 0			11			13
2022-10-27 01:02:16	 2		 1		11		 8			 2			 0			11			13
2022-10-27 01:12:25	 2		 1		11		 8			 3			 0			11			13
2022-10-27 01:22:23	 2		 1		11		 8			 3			 0			11			13
2022-10-27 01:32:21	 2		 1		11		 8			 3			 0			11			13
2022-10-27 01:42:32	 2		 1		11		 8			 3			 0			11			13
2022-10-27 01:52:36	 2		 1		11		 8			 3			 0			11			13
2022-10-27 02:02:27	 2		 1		11		 8			 3			 0			11			13
2022-10-27 02:12:39	 2		 1		11		 8			 3			 0			11			13
2022-10-27 02:22:38	 2		 1		11		 8			 3			 0			11			13
2022-10-27 02:32:33	 2		 1		11		 8			 3			 0			11			13
2022-10-27 02:42:21	 2		 1		11		 8			 3			 0			11			13
2022-10-27 02:52:32	 2		 1		11		 8			 3			 0			11			13
2022-10-27 03:02:25	 2		 1		11		 8			 3			 0			11			13
2022-10-27 03:12:39	 2		 1		11		 8			 3			 0			11			13
2022-10-27 03:22:38	 2		 1		11		 8			 3			 0			11			13
2022-10-27 03:32:27	 2		 1		11		 8			 3			 0			11			13
2022-10-27 03:42:40	 2		 1		11		 8			 3			 0			11			13
2022-10-27 03:52:39	 2		 1		11		 8			 3			 0			11			13
2022-10-27 04:02:37	 2		 1		11		 8			 3			 0			11			13
2022-10-27 04:12:27	 2		 1		11		 8			 3			 0			11			13
2022-10-27 04:22:36	 2		 1		11		 8			 3			 0			11			13
2022-10-27 04:32:34	 2		 1		11		 8			 3			 0			11			13
2022-10-27 04:42:43	 2		 1		11		 8			 3			 0			11			13
2022-10-27 04:52:39	 2		 1		11		 8			 3			 0			11			13
2022-10-27 05:02:36	 2		 1		11		 8			 3			 0			11			13
2022-10-27 05:12:44	 2		 1		11		 8			 3			 0			11			13
2022-10-27 05:22:36	 1		 1		11		 8			 3			 0			11			13
2022-10-27 05:32:41	 1		 1		11		 8			 3			 0			11			13
2022-10-27 05:42:42	 1		 1		11		 8			 3			 0			11			13
2022-10-27 05:52:32	 1		 1		11		 8			 3			 0			11			13
2022-10-27 06:02:46	 1		 1		11		 8			 3			 0			11			13
2022-10-27 06:12:38	 1		 1		11		 6			 3			 0			11			13
2022-10-27 06:22:35	 1		 1		11		 6			 3			 0			11			13
2022-10-27 06:32:30	 1		 1		11		 6			 3			 0			11			13
2022-10-27 06:42:41	 1		 1		11		 6			 2			 0			11			14
2022-10-27 06:52:44	 2		 1		12		 5			 0			 0			11			14
2022-10-27 07:02:49	 2		 1		12		 5			 0			 1			11			14
2022-10-27 07:12:34	 2		 1		12		 5			 1			 1			12			15
2022-10-27 07:22:28	 2		 1		12		 5			 1			 1			15			15
2022-10-27 07:32:38	 1		 1		12		 5			 1			 1			16			15
2022-10-27 07:42:31	 0		 0		12		 5			 0			 1			20			17
2022-10-27 07:52:41	 0		 0		12		 4			 0			 0			20			17
2022-10-27 08:02:33	 0		 0		12		 1			 0			 0			20			17
2022-10-27 08:12:46	 0		 0		12		 1			 0			 0			20			17
2022-10-27 08:22:37	 1		 0		12		 1			 0			 0			20			17
2022-10-27 08:32:47	 1		 0		12		 0			 0			 1			20			18
2022-10-27 08:42:36	 0		 1		12		 1			 1			 1			20			20
2022-10-27 08:52:36	 0		 1		12		 0			 0			 0			20			22
2022-10-27 09:02:31	 0		 0		12		 1			 0			 0			20			23
2022-10-27 09:12:40	 0		 0		12		 2			 0			 0			19			23
2022-10-27 09:22:42	 0		 0		11		 1			 0			 0			19			24
2022-10-27 09:32:37	 0		 0		11		 1			 0			 0			19			24
2022-10-27 09:42:38	 0		 0		11		 1			 0			 1			20			24
2022-10-27 09:52:51	 0		 0		11		 0			 1			 1			20			24
2022-10-27 10:02:41	 0		 0		11		 0			 1			 0			20			24
2022-10-27 10:12:35	 0		 0		11		 1			 0			 0			20			24
2022-10-27 10:22:51	 0		 0		11		 0			 0			 0			20			24
2022-10-27 10:32:41	 0		 0		11		 0			 0			 0			20			24
2022-10-27 10:42:41	 0		 0		11		 0			 0			 0			20			24
2022-10-27 10:52:54	 0		 0		11		 0			 0			 0			20			24
2022-10-27 11:02:56	 0		 0		11		 0			 0			 0			20			24
2022-10-27 11:12:41	 0		 0		11		 0			 0			 0			19			24
2022-10-27 11:22:38	 0		 0		11		 0			 0			 0			19			24
2022-10-27 11:32:55	 0		 1		11		 0			 0			 0			19			23
2022-10-27 11:42:41	 0		 1		11		 0			 0			 0			19			24
2022-10-27 11:52:43	 0		 1		11		 0			 0			 0			19			24
2022-10-27 12:02:53	 0		 1		11		 0			 0			 0			19			24
2022-10-27 12:12:51	 0		 0		11		 0			 0			 0			19			24
2022-10-27 12:22:47	 0		 0		11		 0			 0			 0			19			23
2022-10-27 12:32:54	 0		 0		12		 0			 0			 0			19			23
2022-10-27 12:42:57	 0		 0		12		 0			 0			 0			19			23
2022-10-27 12:52:45	 0		16		12		 0			 1			 2			19			28
2022-10-27 13:02:49	 0		18		12		 0			 1			 2			19			29
2022-10-27 13:13:02	 0		19		12		 0			 1			 2			19			29
2022-10-27 13:22:42	 0		19		12		 0			 0			 2			18			29
2022-10-27 13:32:52	 0		19		12		 0			 0			 2			18			29
2022-10-27 13:43:01	 0		19		12		 0			 0			 2			18			29
2022-10-27 13:52:48	 0		19		12		 0			 0			 2			17			29
2022-10-27 14:02:57	 0		20		12		 0			 0			 2			17			31
2022-10-27 14:13:03	 0		20		12		 0			 0			 2			17			31
2022-10-27 14:22:55	 0		20		12		 0			 0			 2			17			31
2022-10-27 14:32:54	 0		20		12		 0			 0			 2			18			32
2022-10-27 14:42:58	 0		20		12		 0			 0			 0			18			19
2022-10-27 14:52:53	 0		20		12		 0			 0			 0			16			16
2022-10-27 15:03:05	 0		20		12		 0			 0			 0			16			16
2022-10-27 15:12:53	 0		19		12		 0			 0			 0			16			16
2022-10-27 15:22:59	 0		19		12		 0			 0			 0			15			17
2022-10-27 15:33:03	 0		19		12		 0			 0			 0			15			17
2022-10-27 15:42:54	 0		19		12		 0			 0			 0			15			17
2022-10-27 15:52:52	 0		19		12		 1			 0			 0			15			16
2022-10-27 16:02:52	 0		19		12		 1			 0			 0			15			16
2022-10-27 16:13:02	 0		19		12		 0			 0			 0			15			16
2022-10-27 16:23:05	 0		20		12		 0			 1			 0			14			16
2022-10-27 16:33:07	 0		19		12		 1			 1			 0			14			17
2022-10-27 16:43:04	 0		19		12		 1			 2			 0			14			17
2022-10-27 16:53:01	 0		19		12		 3			 2			 0			14			17
2022-10-27 17:02:56	 0		19		12		 2			 2			 0			14			19
2022-10-27 17:13:10	 0		20		12		 3			 1			 0			15			18
2022-10-27 17:22:58	 0		21		12		 2			 1			 0			15			17
2022-10-27 17:32:56	 0		22		11		 2			 1			 0			13			16
2022-10-27 17:42:56	 0		24		11		 3			 0			 1			13			16
2022-10-27 17:53:08	 0		24		11		 3			 0			 1			12			17
2022-10-27 18:02:58	 0		24		11		 5			 0			 1			13			17
2022-10-27 18:13:06	 0		25		11		 6			 1			 0			14			17
2022-10-27 18:23:12	 0		24		11		 6			 0			 0			13			17
2022-10-27 18:33:12	 0		25		11		 6			 0			 0			13			17
2022-10-27 18:43:02	 0		24		11		 6			 0			 0			13			16
2022-10-27 18:52:59	 0		26		11		 6			 0			 0			15			16
2022-10-27 19:02:53	 0		26		11		 6			 1			 0			15			19
2022-10-27 19:13:06	 0		26		11		 6			 1			 0			15			19
2022-10-27 19:23:13	 0		25		11		 7			 2			 0			18			18
2022-10-27 19:33:04	 0		25		11		 7			 2			 0			18			19
2022-10-27 19:43:05	 0		25		11		 7			 2			 0			18			19
2022-10-27 19:53:02	 2		26		11		 7			 2			 0			18			19
2022-10-27 20:03:18	 2		26		12		 7			 2			 0			18			19
2022-10-27 20:13:13	 2		26		12		 6			 2			 0			18			19
2022-10-27 20:23:05	 2		26		12		 6			 2			 0			18			19
2022-10-27 20:33:01	 2		26		12		 6			 2			 0			18			19
2022-10-27 20:43:12	 2		26		12		 7			 1			 0			18			19
2022-10-27 20:53:03	 2		26		12		 8			 1			 0			18			19
2022-10-27 21:03:05	 2		27		12		10			 1			 0			17			19
2022-10-27 21:13:13	 2		27		12		10			 2			 0			17			19
2022-10-27 21:23:10	 1		27		12		10			 2			 0			17			19
2022-10-27 21:33:17	 1		27		12		10			 2			 0			16			19
2022-10-27 21:43:18	 0		27		12		11			 2			 0			16			19
2022-10-27 21:53:15	 0		27		12		11			 2			 0			18			19
2022-10-27 22:03:07	 0		27		12		12			 2			 0			17			19
2022-10-27 22:13:05	 0		27		12		12			 2			 0			17			19
2022-10-27 22:23:19	 0		28		12		12			 0			 0			17			19
2022-10-27 22:33:17	 0		30		12		12			 0			 0			17			18
2022-10-27 22:43:12	 0		30		12		12			 0			 0			17			17
2022-10-27 22:53:06	 0		30		12		12			 0			 0			17			17
2022-10-27 23:03:05	 0		30		12		12			 0			 0			17			16
2022-10-27 23:13:19	 0		30		12		12			 0			 0			17			16
2022-10-27 23:23:14	 0		30		12		12			 0			 0			17			16
2022-10-27 23:33:10	 0		30		12		12			 0			 1			17			16
2022-10-27 23:43:12	 0		30		12		12			 0			 1			17			16
2022-10-27 23:53:11	 0		30		12		12			 0			 1			17			16
2022-10-28 00:03:05	 0		30		12		12			 0			 1			17			16
2022-10-28 00:13:14	 0		30		12		12			 0			 1			17			16
2022-10-28 00:23:21	 0		30		12		12			 0			 1			17			16
2022-10-28 00:33:07	 0		30		12		12			 0			 1			17			16
2022-10-28 00:43:18	 0		30		12		12			 0			 1			17			16
2022-10-28 00:53:08	 0		30		12		12			 0			 1			17			16
2022-10-28 01:03:16	 0		30		12		11			 0			 1			17			16
2022-10-28 01:13:23	 0		30		12		11			 0			 1			17			16
2022-10-28 01:23:30	 0		30		12		11			 0			 1			17			16
2022-10-28 01:33:22	 0		30		12		11			 0			 1			17			16
2022-10-28 01:43:21	 0		30		12		11			 0			 1			17			16
2022-10-28 01:53:20	 0		30		12		11			 0			 1			17			16
2022-10-28 02:03:28	 0		30		12		11			 0			 1			17			16
2022-10-28 02:13:14	 0		30		12		11			 0			 1			17			16
2022-10-28 02:23:27	 0		30		12		11			 0			 1			17			16
2022-10-28 02:33:14	 0		30		12		11			 0			 1			17			16
2022-10-28 02:43:12	 0		30		12		11			 0			 1			17			16
2022-10-28 02:53:21	 0		30		12		11			 0			 1			17			16
2022-10-28 03:03:27	 0		30		12		11			 0			 1			17			16
2022-10-28 03:13:21	 0		30		12		11			 0			 1			17			16
2022-10-28 03:23:28	 0		30		12		11			 0			 1			17			16
2022-10-28 03:33:15	 0		30		12		11			 0			 1			17			16
2022-10-28 03:43:19	 0		30		12		11			 0			 1			17			16
2022-10-28 03:53:22	 0		30		12		11			 0			 1			17			16
2022-10-28 04:03:18	 0		30		12		11			 0			 1			17			16
2022-10-28 04:13:21	 0		30		12		11			 0			 1			17			16
2022-10-28 04:23:29	 0		30		12		11			 0			 1			17			16
2022-10-28 04:33:19	 0		30		12		11			 0			 1			17			16
2022-10-28 04:43:19	 0		30		12		11			 0			 1			17			16
2022-10-28 04:53:28	 0		30		12		11			 0			 1			17			16
2022-10-28 05:03:22	 0		30		12		11			 0			 1			17			16
2022-10-28 05:13:25	 0		30		12		11			 0			 1			17			16
2022-10-28 05:23:30	 0		30		12		11			 0			 1			17			16
2022-10-28 05:33:32	 0		30		12		11			 0			 1			17			16
2022-10-28 05:43:23	 0		30		12		11			 0			 1			17			16
2022-10-28 05:53:35	 0		30		12		11			 0			 1			17			16
2022-10-28 06:03:29	 0		30		12		11			 0			 1			17			16
2022-10-28 06:13:36	 0		30		12		11			 0			 1			16			16
2022-10-28 06:23:36	 0		20		12		11			 0			 1			16			16
2022-10-28 06:33:23	 0		10		12		10			 0			 1			17			16
2022-10-28 06:43:26	 0		10		12		10			 0			 1			18			16
2022-10-28 06:53:37	 0		10		12		 9			 0			 1			19			16
2022-10-28 07:03:25	 0		10		12		 9			 0			 1			19			16
2022-10-28 07:13:28	 0		10		12		 9			 0			 1			19			16
2022-10-28 07:23:16	 0		10		12		 9			 0			 1			19			16
2022-10-28 07:33:26	 0		12		12		 8			 0			 2			19			18
2022-10-28 07:43:25	 0		14		12		 6			 0			 2			19			19
2022-10-28 07:53:23	 0		14		12		 6			 0			 2			19			20
2022-10-28 08:03:40	 0		14		12		 6			 0			 2			19			22
2022-10-28 08:13:36	 0		18		12		 5			 0			 2			18			22
2022-10-28 08:23:31	 0		18		12		 5			 0			 2			18			26
2022-10-28 08:33:40	 0		20		12		 4			 0			 2			19			26
2022-10-28 08:43:41	 0		21		12		 2			 0			 2			19			27
2022-10-28 08:53:37	 0		23		12		 0			 0			 1			19			31
2022-10-28 09:03:41	 0		24		12		 0			 0			 1			20			31
2022-10-28 09:13:47	 0		23		12		 0			 0			 1			20			32
2022-10-28 09:23:10	 0		 0		 9		 1			 1			 0			20			12
2022-10-28 09:33:38	 0		 0		 9		 1			 1			 1			21			13
2022-10-28 09:43:39	 0		 0		 9		 1			 0			 1			21			13
2022-10-28 09:53:36	 0		 0		 9		 1			 0			 0			21			14
2022-10-28 10:03:49	 0		 0		 9		 0			 0			 1			21			14
2022-10-28 10:13:43	 0		 0		 9		 0			 0			 0			21			14
2022-10-28 10:23:38	 0		 0		 9		 0			 0			 0			21			13
2022-10-28 10:33:31	 0		 0		 9		 0			 0			 0			21			13
2022-10-28 10:43:46	 0		 0		 9		 0			 0			 0			21			13
2022-10-28 10:53:39	 0		 0		 9		 0			 0			 0			21			13
2022-10-28 11:03:34	 0		 0		 9		 0			 0			 0			21			13
2022-10-28 11:13:36	 0		 0		 9		 0			 0			 0			20			13
2022-10-28 11:23:44	 0		 0		 9		 0			 0			 0			20			13
2022-10-28 11:33:52	 0		 0		 9		 0			 0			 1			20			12
2022-10-28 11:43:41	 0		 0		 9		 0			 0			 0			20			12
2022-10-28 11:53:41	 0		 0		10		 0			 0			 0			20			13
2022-10-28 12:03:37	 0		 0		10		 0			 0			 0			20			13
